3.0
2.739
2.53
2.34
2.0
1.711
1.625
1.55
1.3
1.351
2.167
2.771
2.89
2.546
1.496
-0.297
-1.295
-1.794
-2.111
-2.276
-2.329
-2.35
-2.369
-2.346
-2.28
-2.149
-1.953
-1.894
-1.895
-1.988
-2.167
-2.323
-2.432
-2.203
-1.624
-1.082
-0.686
-0.646
-0.909
-1.341
-1.467
-1.447
-1.433
-1.263
-1.074
-0.928
-0.768
-0.689
-0.648
-0.596
-0.518
-0.503
-0.525
-0.556
-0.595
-0.652
-0.522
0.037
0.866
1.351
1.531
1.482
1.212
0.939
0.971
1.11
1.162
1.15
1.097
1.053
1.125
1.221
1.49
1.702
1.836
1.871
1.745
1.731
1.763
1.704
1.577
1.808
2.451
3.044
3.074
2.707
2.096
1.403
1.082
0.902
0.744
0.653
0.588
0.565
0.619
0.704
0.719
0.683
0.626
0.528
0.42
0.329
0.246
0.341
0.239
0.465
1.327
1.945
2.105
1.957
1.52
0.888
0.566
0.562
0.711
1.066
1.502
1.946
2.18
2.625
3.035
3.317
3.359
3.393
3.488
3.44
3.185
2.972
2.757
2.81
3.202
3.523
3.512
3.303
2.874
2.523
2.483
2.556
2.715
2.887
3.201
3.57
4.114
4.736
5.386
5.949
6.369
6.873
7.166
7.512
7.795
7.94
7.879
6.775
5.541
5.26
5.234
5.102
4.856
4.617
4.442
4.36
4.305
4.278
4.282
4.251
4.152
3.914
3.674
3.336
3.072
2.924
2.83
2.751
2.539
2.231
2.131
2.319
2.76
3.073
3.142
2.958
2.506
1.604
0.841
0.304
-0.193
-0.38
-0.203
-0.243
-0.56
-1.084
-1.193
-1.201
-1.25
-0.862
-0.779
-1.357
-1.354
-1.045
-0.986
-0.329
0.723
1.319
1.585
1.539
1.121
0.705
0.628
0.709
0.811
0.956
1.303
1.734
2.169
2.416
2.544
2.672
2.999
3.326
3.703
4.001
4.117
3.74
3.456
3.663
4.213
4.604
4.924
4.98
4.503
3.522
3.407
3.728
3.846
3.929
3.966
4.089
4.194
4.242
4.328
4.64
4.738
4.703
4.436
4.122
3.681
3.284
3.013
3.36
4.268
5.022
5.503
5.666
5.48
5.107
5.215
5.384
5.34
5.445
5.756
6.257
6.735
6.649
5.84
5.059
4.81
4.685
4.609
4.659
4.7
4.752
4.805
4.926
5.124
5.353
5.646
6.31
7.052
7.419
7.485
7.326
7.09
6.997
6.998
7.029
7.096
7.137
7.139
7.134
7.18
7.268
7.345
7.326
7.105
6.432
5.656
5.194
4.966
4.865
4.697
4.413
4.114
3.982
3.861
3.745
3.812
3.952
4.059
4.043
4.014
3.878
3.626
3.315
2.955
2.463
1.957
1.79
1.733
1.664
1.472
2.023
3.062
3.59
3.93
3.985
3.687
3.232
3.19
3.797
4.444
5.02
5.412
5.599
5.659
5.78
5.938
6.222
6.611
7.01
7.327
7.506
7.513
7.496
7.542
7.564
7.483
7.234
6.944
6.707
6.549
6.34
6.031
5.857
5.889
5.931
5.983
6.022
6.057
6.034
5.963
5.845
5.611
5.1
4.386
3.887
3.716
3.633
3.305
2.757
2.495
2.439
2.391
2.286
1.996
1.584
1.391
1.459
1.445
0.823
-0.11
-0.927
-1.592
-1.89
-1.745
-1.429
-1.252
-1.176
-1.158
-1.228
-1.437
-1.68
-1.838
-1.446
-0.546
0.264
0.772
0.856
0.188
-1.006
-1.405
-1.045
-0.705
-0.483
-0.609
-0.927
-1.118
-1.27
-1.405
-1.484
-1.457
-1.491
-1.467
-1.543
-1.646
-1.723
-1.804
-1.511
-0.992
-0.449
-0.083
-0.066
-0.306
-0.629
-0.794
-0.69
-0.561
-0.489
-0.522
-0.592
-0.636
-0.651
-0.62
-0.586
-0.564
-0.536
-0.509
-0.456
-0.454
-0.516
-0.613
-0.262
0.25
0.684
0.914
0.933
0.654
-0.087
-0.716
-0.794
-0.793
-0.761
-0.737
-0.746
-0.786
-0.86
-0.955
-1.059
-1.126
-1.149
-1.152
-1.123
-1.013
-0.593
0.021
0.784
1.457
1.777
1.873
1.72
1.093
-0.379
-1.384
-1.598
-1.926
-2.123
-2.145
-2.184
-2.364
-2.59
-2.71
-2.718
-2.549
-2.21
-1.817
-1.296
-0.688
-0.234
0.041
0.42
0.627
0.829
0.978
0.987
0.854
0.702
0.675
0.615
0.59
0.537
0.439
0.149
-0.267
-0.694
-1.199
-1.19
-1.168
-1.499
-1.907
-2.417
-2.951
-3.146
-3.205
-2.154
-1.031
-0.539
-0.357
-0.351
-0.719
-1.633
-2.529
-2.713
-2.75
-2.779
-2.899
-3.106
-3.286
-3.418
-3.628
-3.772
-3.885
-4.023
-4.214
-4.317
-4.322
-4.27
-4.199
-3.358
-2.222
-1.272
-0.368
0.024
-0.295
-1.259
-1.876
-1.898
-1.963
-2.036
-1.976
-1.78
-1.639
-1.603
-1.488
-1.166
-0.983
-1.364
-1.578
-1.716
-1.923
-2.08
-2.088
-1.184
-0.227
0.544
1.098
1.279
0.982
0.062
-0.448
-0.438
-0.425
-0.262
0.38
0.939
1.357
1.879
2.728
3.774
4.163
4.377
4.402
4.208
3.947
3.524
3.216
3.357
3.788
4.045
4.145
4.094
3.895
3.71
3.611
3.581
3.334
3.425
3.686
4.25
4.314
4.059
4.064
4.321
5.062
5.487
5.49
5.334
5.238
5.205
5.278
5.278
5.187
4.972
4.549
4.144
3.826
3.464
3.189
3.082
2.145
0.79
0.317
0.151
-0.112
-0.234
-0.183
0.045
0.284
0.426
0.483
0.555
0.548
0.508
0.504
0.659
0.888
1.048
1.081
0.945
0.613
0.114
-0.531
-0.939
-1.248
-1.604
-2.126
-2.485
-2.758
-2.988
-3.125
-3.24
-3.305
-3.387
-3.478
-3.541
-3.514
-3.416
-3.083
-1.756
-0.446
0.438
0.932
0.851
0.42
-0.052
-0.217
-0.145
-0.106
-0.415
-0.305
0.131
0.259
0.317
0.234
0.198
0.034
-0.313
-0.65
-0.798
-0.886
-1.024
-1.031
-0.59
-0.126
0.136
0.103
-0.179
-0.614
-1.221
-2.105
-2.393
-2.412
-2.393
-2.465
-2.613
-2.672
-2.645
-2.607
-2.611
-2.73
-2.908
-3.102
-3.366
-3.57
-3.671
-3.579
-2.337
-0.952
-0.275
0.124
0.259
0.054
-0.746
-1.613
-1.959
-2.247
-2.535
-2.789
-2.992
-3.146
-3.316
-3.529
-3.657
-3.607
-3.525
-3.827
-4.377
-4.782
-5.213
-5.25
-4.668
-3.589
-2.647
-1.627
-1.049
-1.209
-2.381
-4.071
-4.54
-4.578
-4.625
-4.844
-5.276
-5.662
-6.051
-6.438
-6.803
-7.005
-6.833
-6.325
-5.57
-4.689
-4.063
-3.787
-2.572
-1.362
-0.516
0.126
0.29
-0.143
-1.457
-3.126
-3.873
-3.602
-2.761
-2.223
-2.212
-2.918
-4.061
-5.036
-5.661
-5.969
-6.002
-6.03
-6.183
-6.417
-6.725
-6.66
-4.976
-2.954
-1.508
-0.562
-0.215
-0.404
-1.675
-3.34
-3.958
-4.152
-4.263
-4.422
-4.398
-4.022
-3.516
-3.169
-2.577
-1.903
-1.501
-1.154
-0.698
-0.575
-0.522
-0.375
-0.02
0.698
1.327
1.773
2.016
1.793
1.147
-0.052
-0.642
-0.983
-1.505
-0.997
-0.002
0.135
0.201
0.507
0.793
1.533
2.168
2.285
2.248
2.051
1.028
-0.074
-0.034
0.545
1.121
1.529
1.779
1.825
1.396
0.353
-0.369
-0.339
-0.387
-0.531
-0.469
-0.312
-0.392
-0.527
-0.428
-0.252
0.004
-0.045
-0.359
-0.645
-0.766
-0.739
-0.128
0.341
0.733
1.009
1.141
1.139
1.075
1.09
1.362
1.618
1.981
2.488
2.526
2.079
1.83
1.722
1.464
1.317
1.172
1.246
1.363
1.364
1.363
1.435
1.737
1.856
2.113
2.424
2.75
2.715
2.524
2.618
2.6
2.332
1.807
1.222
1.057
1.186
1.302
1.385
1.419
1.413
1.327
1.156
1.058
1.048
1.436
1.359
1.396
1.873
2.224
2.51
2.534
2.372
2.158
1.741
1.427
1.208
1.297
1.38
1.443
1.44
1.449
1.465
1.388
1.271
1.263
1.393
1.76
2.291
3.021
3.673
4.49
5.299
5.779
5.117
4.075
3.356
3.489
3.881
3.711
3.703
3.888
3.678
3.342
3.018
2.423
1.855
2.023
2.59
3.189
3.41
3.195
3.13
3.33
3.586
3.858
4.176
4.299
4.252
4.035
3.542
2.912
2.251
1.854
1.598
1.381
1.208
1.066
0.951
0.838
0.724
0.387
-0.151
-0.555
-0.936
-1.081
-1.334
-1.449
-0.563
1.278
2.175
2.545
2.764
2.664
2.488
1.763
0.591
0.184
0.137
0.151
0.377
0.732
0.686
0.439
0.101
-0.266
-0.729
-1.087
-1.39
-1.58
-1.692
-1.653
-0.824
0.35
1.308
2.296
2.885
3.106
2.838
1.82
0.306
0.023
0.371
0.93
1.497
1.842
2.131
2.479
2.678
2.875
3.013
3.121
3.508
4.062
4.424
4.739
4.815
5.127
5.628
6.134
6.5
6.835
7.331
7.73
7.246
6.648
6.502
6.217
5.722
5.241
4.918
4.253
4.044
4.571
5.755
6.805
7.009
6.893
6.772
6.749
6.735
6.773
6.846
6.892
6.88
6.868
6.843
6.731
6.591
6.498
6.458
6.44
6.421
6.387
6.377
6.407
6.447
6.47
6.548
6.594
6.639
6.653
6.65
6.62
6.651
6.8
6.907
6.918
6.763
6.457
6.21
5.956
5.401
4.946
4.804
4.565
4.219
3.819
3.326
3.023
2.646
2.343
2.178
2.134
2.091
2.138
2.072
1.986
2.247
2.786
3.609
4.795
6.204
7.196
7.397
6.976
6.341
5.991
5.979
6.004
6.103
6.279
6.537
6.833
6.867
6.505
6.276
6.365
6.411
6.439
6.393
6.223
6.016
5.961
6.089
6.209
6.388
6.542
6.45
6.258
5.671
5.218
5.213
5.245
5.402
5.837
6.401
7.085
7.583
7.797
7.729
7.433
6.97
6.347
5.876
5.736
5.911
6.138
6.347
6.794
7.358
7.481
7.256
6.796
6.099
5.332
5.104
5.208
5.257
5.408
5.531
5.412
5.122
4.868
4.674
4.569
4.368
4.116
3.783
3.493
3.481
3.777
3.987
4.01
4.022
4.1
4.35
4.647
4.651
4.419
4.245
4.126
4.071
3.993
3.795
3.48
3.148
2.893
2.823
2.795
2.616
2.458
2.384
2.602
3.451
4.219
4.543
4.618
4.482
4.371
4.283
4.132
3.537
3.243
3.548
3.822
3.894
3.895
4.003
4.267
4.686
5.132
5.901
6.522
6.849
7.042
6.965
6.949
7.054
7.285
7.667
7.874
8.051
8.208
8.345
8.344
8.271
8.22
8.028
7.489
7.352
7.458
7.507
7.538
7.543
7.513
7.568
7.558
7.59
7.724
7.887
7.927
8.289
8.837
9.507
9.872
9.936
9.856
9.565
9.162
8.709
8.284
8.072
7.785
7.508
7.249
7.005
6.799
6.647
6.413
6.145
6.075
6.33
6.895
7.211
7.328
7.557
7.873
8.224
8.816
9.671
10.235
10.095
9.714
8.736
7.705
7.351
7.167
7.034
7.112
7.026
6.589
6.178
6.001
6.036
5.954
5.818
5.814
5.738
5.644
6.03
6.682
7.346
7.976
7.994
7.806
7.784
7.848
7.835
7.402
6.916
6.421
6.019
5.928
5.938
5.855
5.708
5.442
5.152
4.652
4.258
3.517
2.818
2.994
3.79
4.11
4.627
5.369
6.165
7.069
7.715
8.079
8.069
7.817
7.629
7.334
6.706
6.461
6.367
6.216
6.037
5.704
5.328
5.005
4.871
4.846
4.919
4.936
5.307
6.069
7.397
8.72
9.563
9.9
9.627
9.163
8.178
7.059
6.359
5.749
4.933
3.909
2.949
2.479
2.325
2.189
2.005
1.934
1.977
2.042
2.07
2.291
3.835
5.039
6.253
7.986
9.333
10.13
10.441
10.012
8.505
6.784
5.67
4.819
4.095
3.451
2.986
2.674
2.412
2.059
1.64
1.438
1.354
1.341
1.206
1.766
3.129
4.741
5.773
7.145
8.019
8.605
8.581
8.015
6.468
4.545
3.92
3.704
3.661
3.566
3.21
2.852
2.272
2.066
2.359
2.704
3.048
3.42
3.698
3.958
4.3
4.568
4.748
4.881
5.04
5.134
5.112
5.003
4.815
4.569
4.515
4.339
4.097
3.989
3.942
3.881
3.562
3.2
3.106
3.04
3.044
3.089
3.042
3.067
3.398
3.781
4.192
4.677
5.121
5.574
5.943
6.109
5.807
5.382
5.43
5.4
5.406
5.469
5.301
5.049
4.908
4.834
4.844
5.038
5.092
4.585
3.702
3.82
4.724
4.988
5.31
5.707
6.381
6.185
5.504
5.789
6.948
6.399
4.688
3.735
3.425
3.318
3.247
3.302
3.357
3.419
3.533
3.691
3.844
3.832
3.691
3.693
4.074
4.601
5.057
5.311
5.464
5.543
5.451
5.058
4.499
3.906
3.51
3.3
3.232
3.102
2.933
2.934
2.976
2.994
2.942
2.788
2.632
2.521
2.452
2.452
2.696
3.218
3.827
4.326
4.666
4.82
4.746
4.449
3.72
2.477
1.69
1.418
1.432
1.476
1.52
1.507
1.48
1.269
1.022
0.732
0.956
1.094
1.068
1.241
1.749
2.305
3.051
3.465
3.46
3.209
3.008
3.157
2.983
1.595
0.435
-0.096
-0.557
-0.795
-0.612
-0.578
-0.41
-0.172
0.003
0.269
0.591
0.931
1.25
1.587
1.816
1.858
2.153
2.419
2.853
3.561
4.093
4.456
4.377
4.053
3.864
3.771
3.645
3.536
3.415
3.272
2.975
2.347
2.113
1.955
1.827
1.659
1.604
2.087
2.563
2.927
3.289
3.761
4.181
4.495
4.59
4.298
3.561
2.562
1.52
0.457
-0.642
-1.733
-2.25
-2.348
-2.303
-2.203
-2.098
-2.425
-2.339
-1.564
-1.094
-0.12
1.012
1.74
1.969
1.989
2.043
2.077
2.061
2.016
1.899
1.884
2.574
3.119
2.741
2.362
1.997
1.52
1.193
1.108
0.975
0.833
0.761
0.574
0.35
0.595
1.128
1.372
1.59
1.944
2.535
2.916
2.609
2.246
1.863
1.178
0.52
0.254
-0.279
-0.942
-1.594
-2.09
-2.311
-2.264
-2.133
-1.991
-1.943
-1.892
-1.045
0.03
0.434
0.514
0.782
1.244
1.206
0.883
0.635
0.464
0.276
0.071
-0.044
-0.062
-0.09
-0.05
0.115
0.332
0.54
0.693
0.685
0.574
0.593
0.727
0.711
0.735
1.318
2.131
2.787
3.161
3.319
3.279
2.999
2.477
2.048
1.964
2.153
2.472
2.676
2.586
2.116
2.16
2.74
3.296
2.932
2.279
2.057
2.137
2.261
2.33
2.532
2.849
3.096
3.242
3.298
3.093
2.581
1.686
1.168
1.547
2.266
2.987
3.263
3.314
3.415
3.279
3.196
3.143
3.087
3.036
2.942
2.859
2.806
2.95
3.317
3.763
4.272
4.802
5.077
5.096
4.791
4.202
3.504
2.94
2.747
2.927
3.192
3.212
3.282
3.672
4.102
4.29
4.425
4.607
4.757
4.454
3.421
3.126
3.553
4.222
4.881
5.355
5.419
5.313
5.039
4.669
4.026
3.401
3.045
2.957
2.929
2.974
2.984
3.03
3.104
3.142
3.204
3.441
3.661
3.207
2.488
2.11
2.142
2.524
2.63
2.706
2.906
2.935
2.822
2.667
2.331
1.783
1.288
1.214
1.196
1.138
1.051
0.965
0.855
0.637
0.432
0.345
0.356
0.44
0.338
0.308
0.403
0.621
0.857
1.067
1.255
1.335
1.323
1.477
1.314
0.707
-0.099
-0.487
-0.649
-0.729
-0.708
-0.552
-0.168
0.042
0.13
0.102
0.095
0.182
0.424
0.855
1.407
2.016
2.656
3.33
3.934
4.286
4.299
4.002
3.474
2.448
0.984
-0.152
-1.14
-1.577
-1.815
-2.011
-1.974
-1.292
-0.44
0.229
0.487
0.759
0.929
1.357
2.068
2.528
2.949
3.688
4.438
4.89
5.071
5.038
4.788
3.986
3.161
2.892
2.684
2.373
2.353
2.421
2.622
2.865
3.156
3.439
3.667
3.909
4.205
4.57
4.772
4.894
4.937
5.085
5.437
6.004
6.609
6.993
7.031
6.959
6.882
6.835
6.815
6.685
6.382
6.069
5.775
5.562
5.46
5.528
5.538
5.574
5.559
5.832
6.378
6.832
7.093
7.394
7.651
7.856
8.121
8.436
8.811
9.088
9.303
9.274
9.028
8.694
8.345
8.069
7.911
7.843
7.852
7.931
8.001
8.003
7.867
7.775
7.825
7.789
7.9
8.07
8.148
8.142
8.257
8.626
8.727
8.554
8.403
8.592
8.655
8.417
7.888
7.292
6.902
6.762
6.764
6.809
6.741
6.725
6.887
7.204
7.558
7.746
7.602
7.32
7.291
7.161
6.681
6.001
5.272
4.325
3.555
3.082
2.682
2.37
2.214
2.042
1.902
1.759
1.61
1.405
1.219
1.074
1.045
1.997
3.267
4.183
4.857
5.297
5.576
5.666
5.497
5.004
4.411
3.74
2.969
2.472
1.864
1.909
2.232
2.41
2.615
2.633
2.549
2.591
2.592
2.43
2.445
2.876
3.32
3.7
4.229
4.915
5.137
4.969
4.597
4.113
3.659
3.029
2.554
2.341
2.194
1.99
1.927
1.872
1.662
1.559
1.451
1.303
1.268
1.267
1.265
2.137
2.982
3.888
4.82
5.498
5.878
5.815
5.73
5.705
5.674
5.221
3.952
3.509
3.238
3.019
3.161
3.494
3.713
3.741
3.615
3.462
3.42
3.379
3.675
4.433
5.111
5.646
6.193
6.754
7.219
7.493
7.538
7.278
6.766
6.353
5.935
5.707
5.555
5.481
5.531
5.611
5.635
5.627
5.542
5.461
5.443
5.47
5.58
5.97
6.464
7.02
7.623
8.352
8.673
8.401
8.057
7.777
7.573
7.201
6.561
6.16
5.911
5.834
5.751
5.648
5.626
5.543
5.417
5.372
5.291
5.157
5.199
5.614
6.167
6.607
7.069
7.344
7.444
7.59
7.763
7.633
7.363
6.952
6.678
6.518
6.265
5.954
5.825
5.948
5.968
5.945
5.88
5.811
5.805
5.793
5.828
6.014
6.455
6.783
7.033
7.198
7.3
7.304
7.24
7.021
6.823
6.581
6.282
6.116
6.096
6.156
6.191
6.204
6.146
6.095
5.96
5.77
5.497
4.865
4.165
3.901
4.271
5.183
5.957
6.448
6.68
6.668
6.483
6.193
5.673
4.715
2.704
1.413
0.719
0.127
-0.336
-0.712
-1.05
-1.307
-1.524
-1.733
-1.803
-1.853
-1.277
0.781
2.438
3.768
4.872
5.72
6.331
6.709
6.848
6.744
6.357
5.473
3.616
2.505
1.582
0.654
0.011
-0.354
0.051
0.732
1.071
1.254
1.513
1.438
1.526
1.976
2.783
3.448
3.791
4.098
4.32
4.385
4.198
3.967
3.885
3.927
4.01
4.072
3.957
3.684
3.427
3.134
2.722
2.288
1.959
1.546
1.154
0.759
1.0
1.653
2.022
2.205
2.381
2.473
2.587
2.748
2.96
3.105
3.044
2.704
1.836
1.318
1.126
1.075
1.092
1.063
0.997
0.921
0.837
0.574
0.368
0.315
0.475
0.888
1.42
1.856
2.783
3.849
4.335
4.469
4.556
4.584
4.251
3.357
2.247
1.582
1.318
1.168
1.097
1.183
1.184
1.28
1.268
1.03
1.078
0.838
0.94
1.365
1.93
2.661
3.268
3.953
4.658
4.865
4.717
4.718
4.626
3.954
3.028
2.387
2.425
2.569
2.487
2.371
2.352
2.422
2.533
2.66
2.834
2.964
3.249
3.93
4.979
6.295
7.52
8.257
8.615
8.752
8.709
8.399
7.805
6.792
5.083
3.425
2.913
2.787
2.33
1.262
1.051
0.773
0.16
-0.27
-0.512
-0.659
0.765
2.375
3.441
4.404
5.16
6.012
7.155
8.267
8.581
8.155
7.361
6.47
5.835
5.494
5.346
5.243
5.144
5.0
4.865
4.721
4.598
4.485
4.427
4.447
4.611
4.914
5.242
5.527
5.641
5.745
6.015
6.371
6.686
6.861
6.813
6.496
5.793
4.981
4.302
3.715
3.237
2.832
2.386
1.971
1.723
1.609
1.555
1.418
1.689
2.834
4.499
6.172
7.557
8.729
9.549
10.014
9.993
9.594
8.848
7.636
5.833
4.152
3.757
3.364
3.149
3.115
3.207
3.204
3.105
2.966
2.839
2.677
2.825
3.436
4.5
5.632
6.594
7.412
7.934
8.089
7.858
7.344
6.597
5.57
3.603
1.373
0.474
-0.256
-0.823
-1.171
-0.749
-0.521
-0.767
-1.06
-1.269
-1.486
-1.206
-0.165
2.092
4.657
6.621
7.741
8.607
9.201
9.514
9.622
9.47
8.954
7.749
6.508
5.679
4.899
4.14
3.502
2.905
2.476
2.063
1.633
1.193
0.729
1.402
3.102
5.213
7.154
8.128
8.589
8.827
8.897
8.888
8.738
8.409
7.806
6.515
5.172
4.627
4.034
3.311
2.621
2.11
1.695
1.292
0.966
0.581
0.428
1.607
2.995
4.829
6.311
7.239
7.788
8.184
8.426
8.482
8.322
7.818
6.999
5.737
4.51
3.711
2.757
1.74
0.85
0.04
-0.56
-0.938
-1.254
-1.479
-1.423
-0.221
1.203
2.569
3.733
4.787
5.693
6.289
6.563
6.462
6.1
5.464
4.49
3.069
1.539
0.763
0.27
-0.088
-0.287
-0.405
-0.492
-0.789
-1.162
-1.425
-1.162
0.066
1.472
2.666
3.765
4.879
5.644
6.145
6.108
5.753
5.222
4.658
4.068
3.307
2.424
1.976
1.689
1.4
1.157
0.901
0.647
0.421
0.266
0.149
0.193
0.77
1.652
2.628
3.739
4.975
6.177
6.812
7.029
7.109
6.951
6.37
5.646
5.081
4.718
4.388
4.149
4.009
3.958
3.925
3.869
3.825
3.867
3.947
4.021
4.258
4.618
5.095
5.612
6.113
6.535
6.689
6.529
6.168
5.676
5.177
4.772
4.479
4.284
4.161
4.009
3.853
3.71
3.564
3.399
3.247
3.087
2.921
2.903
3.322
4.012
5.187
6.56
7.93
9.081
9.945
10.582
10.848
10.783
10.364
9.342
7.467
5.209
3.889
3.357
3.265
3.147
3.062
3.029
3.16
3.284
3.418
3.628
4.095
4.779
5.92
7.361
8.938
10.322
11.561
12.623
13.089
13.15
12.789
11.898
10.554
8.949
7.724
6.651
5.917
5.37
5.066
4.916
4.859
4.76
4.721
4.709
5.271
6.521
8.303
10.39
12.527
14.079
15.172
15.892
16.2
16.039
15.358
14.242
12.475
10.551
9.696
9.149
8.505
7.921
7.491
7.037
6.651
6.402
6.275
6.658
8.41
10.205
11.504
13.376
14.928
15.919
16.408
16.559
16.355
15.908
15.312
14.483
13.075
11.631
10.991
10.787
10.627
10.043
9.236
8.97
8.792
8.623
8.424
8.35
9.078
9.563
10.214
11.85
13.808
15.166
15.828
16.037
15.915
15.519
14.92
14.084
12.578
10.452
9.581
8.946
8.33
7.683
7.109
6.523
5.918
5.319
4.73
4.953
7.374
9.43
11.38
13.987
15.474
16.301
16.749
16.938
16.889
16.619
15.968
14.734
12.664
10.476
9.323
8.299
7.448
6.871
6.315
6.261
5.977
6.03
6.148
6.209
6.756
7.773
9.172
10.576
11.726
12.548
12.814
12.71
12.169
11.441
10.668
9.575
8.092
6.612
5.87
5.7
5.454
5.473
5.367
5.067
4.853
4.484
4.395
4.738
5.447
6.713
8.363
9.907
11.083
11.826
12.113
12.078
11.65
11.073
10.311
9.264
8.191
7.467
7.126
7.004
6.889
6.78
6.734
6.746
6.732
6.834
6.907
6.969
7.274
8.071
9.361
10.492
11.327
11.788
11.831
11.406
10.644
10.126
9.641
9.033
8.474
7.946
7.532
7.272
7.066
6.796
6.48
6.214
6.039
5.902
5.765
5.742
6.034
6.437
7.105
7.884
8.668
9.735
10.396
10.638
10.408
9.847
9.128
8.057
7.337
6.762
6.346
5.749
5.32
4.937
4.767
4.782
4.878
4.978
5.068
5.279
5.573
5.969
6.482
7.04
7.959
8.765
9.633
10.28
10.468
10.356
10.032
9.448
8.753
7.971
7.413
7.216
7.092
6.849
6.588
6.186
5.893
5.804
5.772
6.178
7.203
8.077
9.187
10.006
10.508
10.958
11.373
11.724
11.818
11.832
11.608
11.047
10.13
8.756
7.612
6.846
6.269
5.721
5.454
5.409
5.257
4.985
4.582
4.544
4.868
5.577
6.733
8.364
10.076
11.336
12.151
12.687
13.036
13.044
12.766
12.121
11.028
9.296
8.09
7.144
6.637
6.295
6.126
5.976
5.907
6.0
5.949
5.972
6.326
6.756
7.536
8.592
9.493
9.942
10.172
10.264
10.021
9.794
9.658
9.418
9.058
8.309
7.748
7.449
7.243
7.111
7.013
6.889
6.767
6.665
6.557
6.761
7.313
7.871
8.42
8.839
9.242
9.648
10.101
10.554
10.762
10.706
10.566
10.094
9.404
8.076
6.679
5.484
4.791
4.283
3.861
3.454
3.038
2.621
2.363
3.369
5.475
7.007
8.345
9.378
10.258
10.906
11.39
11.614
11.612
11.095
10.113
8.747
7.233
5.56
3.943
2.894
2.352
2.022
1.476
0.992
0.918
0.876
0.682
1.536
2.665
3.52
4.207
4.715
5.278
5.78
6.098
6.284
6.117
5.525
4.572
3.804
3.014
1.987
1.237
0.921
0.577
0.217
-0.269
-0.842
-1.229
-1.488
-1.63
-0.524
1.057
2.433
3.547
4.456
5.341
6.298
7.018
7.274
7.3
7.166
6.823
6.24
5.276
3.466
1.41
0.432
-0.272
-0.868
-1.375
-1.744
-1.9
-1.873
-1.594
0.079
2.233
3.514
4.443
5.129
5.72
6.344
6.766
7.221
7.21
7.134
6.847
6.209
5.375
4.293
3.248
2.949
2.969
2.948
2.906
2.761
2.492
2.101
1.592
1.908
2.613
3.37
4.344
5.107
5.547
6.175
6.729
7.034
7.161
7.219
7.045
6.677
5.988
4.794
3.672
3.112
2.631
2.171
1.785
1.562
1.216
0.87
0.587
1.318
2.188
2.95
3.846
4.491
5.129
5.554
5.933
6.145
6.352
6.18
5.823
5.346
4.626
3.681
2.996
2.737
2.643
2.617
2.643
2.701
2.77
2.821
2.736
2.714
2.729
3.136
3.732
4.388
5.076
5.586
5.846
5.806
5.43
4.937
4.401
3.861
3.289
2.663
2.198
2.009
1.933
1.899
1.873
1.848
1.809
1.727
1.606
1.818
2.379
3.147
3.998
4.977
5.826
6.354
6.594
6.623
6.466
6.282
6.154
5.903
5.41
4.504
3.821
3.455
3.08
2.763
2.499
2.255
2.024
1.771
1.517
2.421
3.652
4.657
5.377
5.824
6.043
6.207
6.416
6.614
6.729
6.544
6.198
5.741
5.108
4.371
3.715
3.292
2.858
2.618
2.414
2.096
1.667
1.244
0.914
2.236
3.695
4.741
5.986
7.04
7.869
8.418
8.583
8.652
8.716
8.717
8.598
8.295
7.631
5.804
3.948
3.173
2.688
2.363
2.044
1.771
1.465
1.232
1.177
2.282
4.26
6.295
7.774
8.554
9.386
10.183
10.883
11.232
11.283
11.205
11.007
10.672
9.909
8.391
7.224
6.956
6.504
5.979
5.411
4.932
4.47
3.894
3.57
5.06
6.605
8.117
9.851
10.798
11.755
12.866
13.9
14.651
14.964
14.544
13.94
13.439
12.534
10.261
8.044
7.043
6.221
5.593
5.235
5.121
5.037
4.907
4.882
5.982
8.288
9.704
11.878
13.271
14.445
15.474
16.371
17.019
17.313
17.261
16.845
16.086
14.758
12.532
11.163
11.019
11.168
11.012
10.247
9.668
9.06
8.576
8.362
8.986
10.697
12.19
14.257
15.596
16.655
17.515
18.148
18.567
18.747
18.634
18.233
17.52
16.302
14.324
12.383
11.375
10.244
9.01
8.059
7.556
7.122
6.747
6.876
7.342
8.229
9.456
10.65
11.664
12.695
13.876
14.638
15.02
15.037
14.668
13.989
12.974
11.516
9.52
7.526
6.329
5.499
4.956
4.726
4.562
4.215
3.899
3.72
4.877
6.51
8.679
10.298
11.43
12.371
13.292
14.064
14.73
15.079
14.985
14.405
13.249
11.654
9.838
8.273
7.451
6.919
6.489
6.4
6.793
7.247
7.512
7.603
7.774
7.951
8.104
8.291
8.424
8.517
8.614
8.717
8.822
8.918
9.0
9.063
9.029
8.871
8.497
8.08
7.9
7.702
7.461
7.308
7.193
7.118
6.969
6.923
7.665
8.331
9.104
10.259
11.373
12.342
13.006
13.427
13.645
13.588
13.011
12.609
11.936
11.071
9.966
8.523
8.193
7.952
7.644
7.352
7.109
6.912
6.706
6.695
7.354
7.978
8.879
10.142
11.304
12.093
12.625
13.105
13.319
13.257
12.785
12.152
11.428
10.689
9.874
8.66
8.007
7.686
7.457
7.165
6.93
6.645
6.391
6.298
6.881
7.644
8.851
9.935
10.841
11.456
11.849
11.762
11.707
11.476
11.202
10.803
10.261
9.479
8.341
6.475
5.46
4.733
4.118
3.894
4.046
4.148
4.115
4.365
5.463
6.361
7.563
8.923
10.093
11.026
11.506
11.725
11.925
11.717
11.129
10.695
10.227
9.544
8.84
7.888
7.328
7.111
6.928
6.845
6.824
6.862
6.896
6.969
7.331
7.827
8.38
9.021
9.756
10.127
10.587
10.994
11.001
10.723
10.515
10.21
9.796
9.103
8.239
7.456
7.116
6.929
6.767
6.665
6.565
6.464
6.394
6.407
6.63
6.866
7.216
7.593
8.086
9.119
10.511
11.858
12.574
13.016
13.034
12.724
12.072
11.136
9.706
7.648
6.411
5.871
4.92
4.45
4.584
4.748
4.708
4.705
5.737
6.63
7.704
8.694
9.381
9.762
9.954
10.181
10.202
10.148
10.161
10.006
10.008
10.1
10.093
9.819
9.599
9.431
9.427
9.339
9.156
9.132
9.093
9.208
9.78
10.512
10.785
10.874
10.823
10.584
10.474
10.62
11.104
11.57
11.312
10.64
9.893
9.19
8.58
8.029
7.512
7.246
6.939
6.617
6.333
5.92
5.393
5.239
5.876
6.404
7.313
8.363
9.086
9.607
10.118
10.461
10.493
10.39
10.208
9.974
9.6
9.043
8.169
6.758
5.926
5.444
4.962
4.302
3.699
3.251
2.927
2.978
3.826
4.495
5.378
6.256
7.198
8.083
8.852
9.304
9.625
9.639
9.576
9.351
8.966
8.338
7.222
5.251
4.272
3.834
3.418
3.132
2.902
2.635
2.268
2.442
3.628
5.361
6.82
8.049
8.855
9.392
9.574
9.852
10.255
10.32
10.108
9.77
9.417
8.966
8.573
8.096
7.553
7.376
7.32
7.273
7.272
7.301
7.336
7.52
8.096
8.579
9.018
9.686
10.482
11.239
11.608
11.864
12.382
12.823
12.58
11.985
11.559
11.289
10.832
10.175
9.883
9.522
9.277
9.24
9.214
9.114
9.194
9.625
10.114
10.786
11.366
11.988
12.817
13.43
13.563
13.901
14.422
14.301
13.884
13.316
12.55
11.244
9.617
8.515
8.154
8.222
8.492
8.638
8.78
8.805
8.781
8.826
8.995
9.338
9.717
10.277
11.191
11.209
11.587
12.664
12.924
13.091
13.322
13.254
12.929
12.452
11.842
10.52
10.023
10.201
10.401
10.371
10.264
10.275
10.698
11.097
11.43
11.598
11.799
12.161
12.639
13.128
13.735
14.264
14.612
14.676
14.357
13.792
12.996
12.276
11.229
10.629
10.148
9.37
9.076
8.8
8.59
8.585
8.498
8.311
8.345
8.614
8.996
9.598
10.358
10.895
11.063
11.049
10.972
10.887
10.715
10.45
10.098
9.539
8.877
8.292
7.751
7.348
7.111
6.994
6.839
6.625
6.409
6.668
7.289
7.763
8.419
9.502
10.596
11.536
12.308
12.989
13.361
13.216
12.655
11.994
11.294
10.647
9.99
9.391
8.865
8.567
8.241
7.905
7.589
7.295
6.989
6.763
6.699
6.83
7.28
8.059
8.804
9.571
10.374
10.962
11.224
11.273
11.05
10.522
10.003
9.479
8.934
8.497
8.244
8.139
8.059
8.027
8.008
7.974
7.989
8.028
8.34
8.691
9.111
9.702
10.414
11.178
12.071
12.653
12.859
12.848
12.617
12.336
11.798
10.985
9.854
8.449
7.362
6.456
6.106
5.921
6.097
6.004
5.795
6.027
6.578
7.479
9.171
10.667
11.8
12.669
13.088
13.105
13.057
12.992
12.716
12.368
11.877
11.273
10.554
9.231
8.061
7.831
7.702
6.985
6.341
6.142
6.048
6.405
7.123
7.74
8.698
10.063
11.291
12.236
12.737
13.046
13.176
13.101
12.813
12.401
11.912
11.336
10.551
9.532
9.072
8.818
8.644
8.397
8.282
8.16
8.041
8.073
8.314
8.441
8.85
9.622
10.553
11.143
11.534
11.76
11.768
11.786
11.689
11.445
11.05
10.518
9.793
8.484
7.472
6.955
6.544
6.31
6.231
6.184
6.137
6.611
7.556
8.261
9.019
10.097
11.401
12.53
13.303
13.684
13.842
13.79
13.652
13.331
12.854
12.172
11.232
10.115
9.281
8.734
8.273
7.859
7.482
6.922
6.37
6.633
7.207
7.582
8.439
9.56
10.526
11.375
12.04
12.476
12.667
12.704
12.475
12.006
11.384
10.684
9.76
8.546
7.597
7.249
6.856
6.698
6.668
6.744
6.654
6.736
7.055
7.551
8.046
8.579
9.142
9.557
9.7
9.774
9.853
9.908
9.781
9.574
9.272
8.732
8.083
7.53
7.126
6.838
6.57
6.27
5.962
5.687
5.515
5.432
5.413
5.538
5.974
6.757
8.024
9.247
10.291
11.066
11.45
11.46
11.242
11.046
10.672
10.043
9.333
8.387
7.768
7.574
7.354
6.962
6.673
6.562
6.496
6.648
6.876
7.246
7.591
7.965
8.461
8.913
9.527
10.18
10.681
10.917
11.034
11.015
10.881
10.593
9.884
8.74
7.958
7.669
7.766
7.711
7.843
7.942
7.954
8.043
8.466
9.269
10.169
10.921
11.575
12.342
13.115
13.581
13.908
14.198
14.042
13.464
12.893
12.383
11.507
9.624
8.063
7.406
6.853
6.959
7.264
7.648
7.45
7.385
7.643
8.152
9.093
10.119
10.824
11.14
11.111
11.047
11.354
11.814
12.192
12.387
12.36
11.909
11.0
10.065
9.473
9.1
9.145
9.546
9.979
9.694
8.913
8.54
8.632
9.093
9.733
10.574
11.253
11.726
12.049
12.463
12.804
12.741
12.289
11.63
11.237
10.763
10.002
8.95
8.07
7.848
7.776
7.834
7.933
7.96
7.918
8.148
8.716
9.335
10.037
10.696
11.079
11.461
11.885
12.391
13.055
13.114
12.967
12.484
11.812
11.262
10.558
9.516
8.631
8.257
7.965
7.825
7.702
7.518
7.35
7.971
9.122
9.839
10.66
11.37
12.004
12.669
13.203
13.668
13.872
13.563
13.037
12.359
11.584
10.78
9.935
9.129
8.353
7.946
7.661
7.419
7.149
6.957
6.695
6.973
7.203
7.556
8.108
8.746
9.183
9.663
10.26
11.133
11.614
11.548
11.308
10.905
10.344
9.55
8.519
7.289
6.581
6.453
6.358
6.175
6.12
6.223
6.268
6.348
6.598
7.167
8.225
9.232
10.073
10.798
11.382
11.749
11.974
12.093
12.131
12.053
11.815
11.343
10.428
8.422
7.163
6.529
6.194
6.11
6.032
6.133
6.374
6.965
8.291
9.343
10.323
11.545
12.806
13.396
13.636
13.568
14.045
14.196
14.309
14.302
14.196
13.881
13.375
12.738
11.858
10.992
10.017
9.556
9.21
8.833
8.397
8.957
9.881
10.693
11.886
13.421
14.962
16.072
16.689
17.044
17.012
16.421
15.739
14.934
13.731
12.41
11.484
10.898
10.433
10.075
9.688
9.561
9.514
9.604
9.715
9.828
9.979
10.085
10.367
11.204
12.704
13.806
14.398
14.748
14.921
15.007
14.935
14.538
13.955
13.2
12.354
11.531
10.961
10.649
10.449
10.305
10.152
10.036
9.878
9.973
10.405
11.084
11.957
12.915
13.845
14.639
15.258
15.684
15.707
15.561
15.228
14.821
14.23
13.427
12.441
11.051
9.606
8.732
8.227
7.877
7.612
7.247
6.852
7.342
8.203
9.123
10.496
12.129
13.576
14.851
15.921
16.795
17.395
17.743
17.901
17.851
17.511
16.897
15.662
13.29
11.552
10.697
10.003
9.487
9.106
8.8
8.418
9.05
11.206
12.647
14.932
17.36
19.133
20.403
21.235
21.809
22.227
22.477
22.541
22.327
21.623
20.513
18.401
15.554
13.29
11.739
10.447
9.828
9.257
8.866
8.595
9.326
10.425
12.037
13.68
15.275
16.539
17.499
18.327
19.018
19.7
20.06
20.227
20.17
19.748
18.907
17.562
15.765
14.45
13.873
13.451
13.155
12.92
12.79
12.704
13.536
14.752
15.864
17.151
18.154
18.929
19.706
20.248
20.292
20.01
19.683
19.3
19.042
18.463
17.537
16.531
15.6
14.701
13.577
13.105
13.249
13.317
12.9
12.046
11.903
12.226
12.659
13.268
13.973
14.461
13.968
13.561
13.721
13.583
13.476
13.443
13.145
12.427
11.533
10.854
10.372
10.11
10.141
10.163
10.197
10.356
10.676
10.928
11.096
11.45
11.349
11.022
10.925
11.318
12.071
12.72
12.995
13.027
12.823
12.598
12.119
11.765
11.192
10.467
9.883
9.466
9.093
8.746
8.486
8.272
8.173
8.202
8.618
9.25
10.019
10.848
11.404
11.551
11.929
12.433
12.907
13.09
13.019
12.747
12.343
11.743
10.829
9.87
8.309
6.921
6.82
6.764
6.654
6.481
6.669
7.243
7.954
8.974
9.781
10.969
12.019
13.061
13.99
14.686
14.967
15.349
15.449
15.349
14.868
14.143
13.186
12.148
11.233
10.509
9.835
9.312
9.015
8.913
8.898
8.944
9.246
9.608
9.885
10.146
10.493
10.715
10.919
11.357
12.077
12.841
13.029
12.622
12.23
11.653
11.177
10.876
10.688
10.686
10.84
10.968
10.94
10.739
10.315
9.972
10.108
10.524
11.098
12.242
13.634
14.7
14.896
14.443
13.882
13.546
13.573
13.619
13.422
13.149
12.753
12.283
11.81
11.319
10.619
9.408
8.223
7.568
7.377
7.329
7.614
8.25
9.097
10.109
11.367
12.451
13.55
14.461
15.097
15.444
15.534
15.498
15.13
14.372
13.569
12.427
10.947
9.665
8.729
7.713
6.958
6.315
5.813
5.462
6.072
6.892
7.89
9.14
10.474
11.7
12.797
13.56
14.056
14.341
14.388
14.299
14.047
13.72
13.05
12.098
10.637
9.737
9.221
8.562
8.242
8.055
7.773
7.553
7.648
8.356
9.41
11.17
12.631
13.561
14.215
14.671
14.821
14.894
14.919
14.315
13.896
13.547
12.909
12.132
11.203
10.656
10.449
10.325
10.258
10.245
10.31
10.362
10.516
10.794
11.212
11.87
12.696
13.405
13.986
14.509
14.939
15.373
15.928
16.201
16.047
15.464
14.77
14.126
13.429
12.685
12.367
12.444
12.519
12.627
12.618
12.618
12.808
13.206
13.614
14.052
14.656
15.506
16.319
17.047
17.461
17.509
17.178
16.768
16.294
15.812
15.42
14.753
13.944
13.456
13.248
13.159
13.062
12.92
12.656
12.302
12.404
13.522
14.247
14.9
15.283
15.865
16.785
17.706
17.94
17.627
17.333
17.139
16.738
15.856
14.913
13.936
12.793
11.944
11.601
11.373
11.201
11.104
11.048
10.92
11.131
12.03
13.14
14.438
15.74
16.566
16.917
17.486
17.819
18.195
18.049
18.045
17.663
17.124
16.486
15.57
14.205
13.429
13.094
12.657
12.427
12.2
12.088
11.856
12.033
12.512
12.768
13.115
13.635
14.061
14.428
14.908
15.683
16.178
16.215
16.038
15.64
15.017
14.256
13.284
11.971
10.807
10.015
9.791
9.593
9.378
9.146
8.976
9.408
10.493
11.292
12.284
13.86
15.098
16.117
17.109
17.842
18.374
18.629
18.78
18.736
18.452
17.926
17.097
15.868
14.876
13.695
12.54
11.764
11.101
10.5
9.862
10.221
11.088
12.094
13.775
15.631
17.031
17.977
18.632
19.103
19.382
19.412
19.031
18.848
18.343
17.679
16.697
15.145
14.013
13.307
12.71
12.226
11.83
11.581
11.483
11.693
12.497
13.109
14.365
15.469
16.282
17.274
18.108
18.251
18.333
18.211
17.905
17.465
16.897
16.189
15.144
13.688
13.172
13.044
12.946
12.873
12.689
12.709
12.721
12.619
12.842
13.402
13.876
13.875
13.707
13.599
13.624
13.832
13.982
13.823
13.775
13.953
14.139
14.12
13.771
12.864
11.887
11.18
10.692
10.35
10.093
9.839
9.654
10.098
10.827
11.496
12.22
12.941
13.403
13.775
14.057
14.398
14.64
14.625
14.379
14.03
13.638
13.008
12.083
11.083
10.732
10.605
10.466
10.313
10.133
9.999
9.846
10.023
10.93
11.667
12.483
13.747
14.822
15.346
15.628
15.941
16.297
16.649
16.529
15.832
14.984
14.269
13.695
13.267
13.022
12.846
12.637
12.428
12.01
11.446
11.024
11.096
11.769
12.506
13.4
14.393
14.974
15.383
15.884
16.436
16.702
16.674
16.436
15.78
14.774
13.692
12.54
10.79
10.189
10.374
10.451
10.474
10.16
9.916
10.151
10.599
11.771
12.538
12.915
13.131
13.393
13.82
14.324
14.146
14.014
14.007
13.99
14.105
14.417
14.659
14.608
14.323
14.188
14.252
14.257
14.029
13.709
13.285
13.042
13.201
14.112
15.287
16.398
17.258
17.987
18.654
19.075
19.221
19.266
19.377
19.439
19.329
19.171
18.848
18.289
17.377
16.614
15.929
15.507
15.157
15.041
14.91
14.878
14.843
15.13
15.572
16.064
16.819
17.803
18.762
19.46
19.919
20.274
20.486
20.628
20.612
20.359
19.848
18.776
17.146
16.515
16.265
16.775
16.689
16.573
16.552
16.32
16.113
16.268
16.462
17.001
17.949
18.442
18.867
19.055
19.449
19.212
18.209
17.788
17.763
17.776
17.152
16.318
15.551
14.956
14.675
14.451
14.347
14.095
13.877
13.59
13.736
14.37
15.471
16.661
18.003
19.589
21.188
22.36
23.202
23.6
23.989
23.896
23.467
23.001
22.194
21.038
19.875
19.317
18.501
17.488
16.902
16.507
15.949
15.374
15.227
15.911
16.596
17.319
18.114
18.94
19.692
20.283
20.581
20.608
20.367
19.599
18.458
17.652
17.091
16.187
14.765
13.85
13.407
13.092
13.176
13.164
13.283
13.25
13.202
13.791
14.276
14.761
15.266
15.656
16.018
16.444
17.07
17.667
18.08
18.374
18.419
17.911
17.032
15.931
14.869
14.317
13.99
13.825
13.748
13.904
13.878
13.758
13.764
14.332
15.157
16.372
17.728
18.776
19.422
19.516
19.342
19.02
18.588
18.405
18.352
18.119
17.576
16.646
15.23
14.717
14.558
14.164
13.743
13.423
13.216
12.999
12.977
13.939
14.757
15.64
16.886
17.93
18.71
19.297
19.577
19.703
19.525
19.081
18.268
17.546
16.753
15.885
14.93
14.217
13.554
12.962
12.532
12.165
11.846
11.658
11.753
12.639
13.511
14.94
16.347
17.632
18.944
19.931
20.448
20.441
19.776
18.837
17.992
17.591
17.174
16.178
14.752
13.988
13.315
12.838
12.411
12.151
12.186
12.131
12.335
13.396
14.416
15.745
17.119
18.117
18.748
19.116
19.138
18.971
18.621
18.238
17.782
17.267
16.657
15.821
14.697
14.083
13.662
13.3
13.016
12.805
12.576
12.296
12.148
13.277
14.32
15.27
16.205
17.331
18.105
18.586
18.957
19.282
19.322
19.09
18.538
18.024
17.307
16.195
14.876
14.154
13.509
12.874
12.341
11.873
11.458
11.095
10.936
12.067
12.978
14.054
15.779
17.361
18.384
19.137
19.661
19.946
19.934
19.813
19.561
19.025
18.378
17.165
15.81
15.016
14.218
13.428
12.66
12.248
11.976
11.684
11.565
12.572
13.525
14.815
16.202
17.386
18.304
18.931
19.285
19.574
19.567
19.406
18.944
18.153
17.232
16.077
15.088
14.573
14.097
13.597
13.179
12.862
12.647
12.466
12.392
12.661
13.257
14.074
14.887
15.681
16.396
17.073
17.773
18.224
18.221
17.986
17.756
17.337
16.718
15.983
15.424
15.232
14.935
14.583
14.274
13.835
13.257
12.643
12.164
12.875
13.511
14.256
15.191
16.128
16.178
16.061
15.743
15.667
16.096
16.188
15.93
15.508
14.86
13.523
12.01
11.626
11.543
11.597
11.736
11.715
11.609
11.432
11.249
11.673
12.184
12.45
12.957
13.779
14.5
15.085
15.647
15.967
15.822
15.765
15.444
14.825
14.159
13.044
12.034
11.625
11.28
10.979
10.525
10.353
10.406
10.365
10.377
11.175
12.089
12.843
13.65
14.507
15.312
15.67
15.971
16.108
16.303
16.403
16.309
15.819
15.044
13.607
12.324
11.673
11.107
10.742
10.418
10.259
10.175
10.138
10.197
11.141
12.011
12.8
14.116
15.369
16.124
16.982
17.691
18.038
18.196
18.085
17.599
16.707
15.632
14.497
13.628
12.93
12.179
11.626
11.362
11.166
10.996
10.934
10.944
11.037
11.294
11.732
12.376
12.875
13.082
13.194
13.422
14.0
14.452
14.968
15.647
15.874
15.44
14.555
14.122
14.043
13.932
13.775
13.476
13.164
12.846
12.481
12.238
12.562
13.577
14.262
15.207
16.055
16.782
17.363
17.628
17.765
17.837
17.691
17.248
16.761
16.061
14.763
13.538
12.897
12.381
11.886
11.471
11.106
10.742
10.483
10.312
10.29
10.43
10.733
11.2
11.655
11.917
12.076
12.136
12.159
12.102
11.93
11.558
11.084
10.519
9.758
9.051
8.616
8.347
8.049
7.661
7.138
6.73
6.276
5.91
6.711
7.922
8.735
9.661
10.804
11.81
12.534
12.948
12.994
12.85
12.613
12.329
11.868
11.097
9.537
8.261
8.247
8.141
7.887
7.671
7.55
7.527
7.458
7.256
7.696
8.621
9.467
10.476
11.275
12.002
12.588
12.87
12.905
12.808
12.551
12.233
11.694
10.845
9.155
7.783
7.413
7.461
7.463
7.414
7.395
7.428
7.502
7.564
8.049
9.051
10.084
11.216
12.069
12.671
13.102
13.344
13.797
14.229
14.201
13.755
13.29
12.828
12.62
12.585
12.715
12.701
12.428
11.795
11.357
11.138
11.089
11.12
11.146
10.889
10.722
11.27
12.223
13.035
13.59
13.948
14.09
13.923
13.613
13.131
12.486
11.493
10.89
10.719
10.914
11.281
11.887
12.291
12.337
12.197
12.08
12.069
12.166
12.485
12.876
13.077
13.092
13.37
14.057
15.03
16.177
16.327
16.05
15.667
15.239
14.512
12.724
12.032
12.053
11.637
11.302
10.846
10.64
10.502
10.542
10.35
9.998
10.293
10.809
11.465
12.101
12.506
12.844
13.115
13.43
13.561
13.525
13.27
12.709
11.935
11.322
10.764
10.491
10.34
10.18
10.117
10.126
10.198
10.247
10.219
10.242
10.565
11.07
11.894
12.53
12.821
13.04
13.052
13.089
13.106
13.122
12.913
12.297
11.494
10.542
10.136
10.111
10.116
10.139
10.154
10.119
10.071
10.007
9.921
9.944
10.268
10.684
11.153
11.374
11.736
12.14
12.601
12.826
12.815
12.581
12.137
11.748
11.325
10.521
9.966
9.825
9.682
9.442
9.174
8.872
8.628
8.52
8.456
8.743
9.771
10.509
11.527
12.503
13.232
13.833
14.233
14.349
14.368
14.267
13.914
13.31
12.205
10.331
9.547
9.667
9.935
10.155
10.14
9.972
9.607
9.384
9.169
9.673
11.257
11.996
12.553
12.868
12.895
12.645
12.243
12.014
12.11
12.29
12.393
12.491
12.452
12.143
11.343
10.419
9.477
8.715
8.182
8.043
8.026
8.068
8.108
8.546
9.743
10.855
11.916
12.739
13.564
14.124
14.326
14.675
14.868
14.677
14.37
13.922
13.489
13.043
12.863
12.923
13.047
13.18
13.179
13.056
13.026
12.977
12.804
12.526
12.611
13.022
13.442
14.038
14.937
15.588
15.879
15.993
16.287
16.328
16.128
15.807
15.263
14.4
13.891
13.63
13.271
12.9
12.635
12.222
11.848
11.735
11.71
11.921
12.696
13.378
14.074
14.952
15.994
16.874
17.419
17.705
17.804
17.882
17.871
17.207
15.901
14.725
14.296
13.878
13.439
12.912
12.493
12.164
11.882
11.367
10.752
10.694
12.931
14.68
16.147
17.918
19.519
20.72
21.606
22.152
22.332
22.256
21.884
20.894
18.861
16.476
15.298
14.403
13.542
12.982
12.571
12.059
11.725
11.103
10.45
10.616
11.8
12.588
13.478
14.429
15.346
16.087
16.576
16.806
16.754
16.46
15.927
15.202
13.936
11.878
11.112
10.617
10.17
10.014
10.212
10.24
10.177
10.073
10.001
10.14
11.703
12.976
14.321
15.409
16.276
16.948
17.36
17.367
17.382
17.17
16.733
16.133
15.135
13.72
13.089
12.825
11.641
11.24
11.293
11.536
11.896
12.311
12.366
12.399
12.883
13.495
14.155
14.598
14.368
13.599
13.039
12.757
12.621
12.446
12.328
11.925
10.711
8.745
8.252
8.229
8.341
8.415
8.284
8.144
8.172
8.276
8.809
9.1
9.882
10.629
11.555
12.412
12.473
12.39
12.64
13.055
13.455
13.69
13.709
13.326
12.587
12.205
12.182
12.15
11.976
11.633
11.235
10.935
10.782
10.805
11.096
11.689
12.368
12.951
13.445
13.757
14.119
14.502
14.889
15.157
15.219
15.041
14.639
14.101
13.463
12.751
12.266
11.903
11.708
11.853
12.288
12.772
13.013
12.85
12.49
12.286
12.367
12.602
12.835
12.533
11.41
10.532
10.531
10.904
11.1
11.052
10.617
9.947
9.049
8.336
8.228
8.265
8.355
8.448
8.529
8.637
8.577
8.48
8.261
8.072
8.315
8.746
9.272
10.026
10.807
11.178
11.206
11.027
10.85
10.733
10.481
10.056
9.034
7.462
7.045
6.785
6.487
6.429
6.626
7.419
7.891
7.869
7.829
7.857
8.651
9.582
10.406
11.422
12.111
12.518
12.648
12.638
12.714
12.781
12.729
12.583
12.449
12.376
12.357
12.347
12.333
12.291
12.211
12.083
11.929
11.883
11.76
11.586
12.026
12.628
13.186
13.646
13.821
13.843
13.997
14.17
14.463
14.586
14.295
13.837
13.346
12.727
12.134
11.532
10.795
9.955
9.039
8.191
7.439
7.048
7.32
7.652
8.262
8.869
9.172
9.377
10.241
11.239
11.656
11.979
12.192
11.76
10.365
8.753
7.489
6.774
6.497
6.293
6.097
5.933
5.823
5.728
5.814
6.12
6.403
6.667
7.514
8.486
9.383
10.143
11.099
11.997
12.727
12.819
12.238
11.462
10.737
10.259
10.028
9.938
9.907
9.427
8.963
9.199
9.942
10.669
10.416
9.079
7.927
7.432
7.697
8.466
9.333
9.689
10.322
10.8
11.041
11.654
11.713
11.828
11.809
11.209
10.22
9.106
8.332
7.715
7.204
6.967
6.666
6.356
5.923
5.392
4.925
4.55
5.527
6.976
8.01
9.136
10.229
11.297
12.199
12.783
13.036
13.039
12.669
11.812
9.703
8.156
7.821
7.411
6.943
6.683
6.579
6.233
5.706
5.136
4.755
4.617
5.715
7.67
9.265
10.634
11.536
12.126
12.242
12.066
11.941
11.838
11.608
11.206
10.436
9.849
9.736
9.709
9.742
9.782
9.91
9.944
9.876
9.756
9.686
9.523
9.586
9.96
10.429
10.927
11.538
12.034
12.54
13.223
13.485
13.205
12.655
12.023
11.07
9.981
9.206
8.618
8.251
7.95
7.454
7.034
6.718
6.391
6.299
6.366
7.118
8.351
9.389
10.566
11.089
11.266
11.573
11.907
11.943
11.417
10.593
9.904
9.483
9.58
9.997
10.563
11.238
11.864
12.428
12.861
12.39
11.219
10.305
9.932
9.949
10.3
11.025
11.709
12.309
12.542
12.612
12.539
12.369
12.129
11.551
10.875
10.512
10.264
10.112
10.008
9.766
9.457
9.375
9.283
9.176
8.981
8.814
8.89
9.366
10.135
10.792
11.287
11.575
11.828
12.155
12.702
12.832
12.043
11.051
10.13
8.991
7.8
7.67
7.685
7.521
7.321
7.176
6.997
6.96
6.957
6.834
6.619
7.136
8.48
9.49
10.066
10.666
11.299
11.802
12.097
11.833
11.73
10.92
10.113
8.789
7.978
8.346
8.704
8.638
8.456
8.288
8.194
8.392
8.809
8.951
9.031
9.16
9.52
9.81
10.097
10.524
10.852
10.95
11.217
11.654
12.185
12.745
13.025
12.849
11.664
10.386
9.609
9.055
8.63
8.117
7.656
7.28
7.135
7.116
7.093
7.255
7.656
8.044
8.434
8.939
9.277
9.911
10.324
10.506
10.352
9.872
8.869
7.124
5.734
5.106
4.696
4.523
4.342
4.712
4.849
4.878
5.246
5.706
6.112
6.634
7.557
8.593
9.555
10.129
10.476
10.788
10.82
10.613
10.248
9.768
9.068
8.263
7.8
7.498
7.273
7.1
6.806
6.285
5.805
5.477
5.17
4.697
4.317
4.498
6.561
7.892
8.773
9.384
9.764
10.334
10.433
10.301
10.124
9.912
9.177
7.344
6.825
6.747
6.581
6.417
6.26
6.232
6.26
6.358
6.527
6.85
7.275
7.821
8.59
9.21
9.879
10.614
11.342
12.06
12.685
13.016
13.068
12.83
12.299
11.303
10.52
9.948
9.513
9.182
8.806
8.472
8.295
8.23
8.215
8.239
8.298
8.823
10.308
11.136
11.789
12.746
13.875
14.736
15.202
15.231
14.852
14.111
12.567
10.165
9.388
9.115
8.833
8.514
8.267
8.128
7.988
7.826
7.769
7.762
7.63
7.868
9.365
11.51
13.226
15.035
16.191
16.896
17.267
17.378
17.254
16.8
15.093
12.545
11.752
11.466
11.206
10.893
10.622
10.269
9.895
9.569
9.25
8.931
8.509
8.32
9.241
10.635
12.276
13.761
14.921
15.686
16.096
16.125
15.801
15.055
13.741
12.174
11.528
11.177
10.779
10.384
10.058
9.762
9.519
9.483
9.578
9.669
9.716
9.806
10.196
11.179
12.61
13.909
14.627
14.84
15.191
15.484
15.422
15.018
14.339
13.508
13.006
12.575
12.168
11.828
11.554
11.337
11.111
10.901
10.777
10.809
11.002
11.198
11.869
12.248
12.811
13.623
14.178
14.227
14.167
13.814
13.297
12.642
11.919
11.098
10.832
10.67
10.548
10.589
10.719
10.82
11.129
11.258
11.315
11.285
11.218
11.268
12.564
13.595
14.576
15.459
16.06
16.312
16.257
15.955
15.438
14.648
13.807
13.127
12.727
12.343
12.14
12.043
11.85
11.542
11.27
11.113
10.995
10.878
10.732
10.682
11.596
12.355
13.05
13.574
13.874
14.168
14.327
14.431
14.358
14.062
13.6
13.013
12.731
12.443
12.245
12.1
11.958
11.771
11.657
11.676
11.791
11.907
11.55
10.88
10.736
10.831
11.337
11.994
12.529
12.825
12.792
12.325
11.406
10.894
10.487
9.723
9.357
9.401
9.315
9.152
9.122
9.177
9.202
9.131
8.961
8.656
8.452
8.282
8.955
9.586
10.116
10.614
10.957
11.193
11.106
10.874
10.668
10.387
9.643
8.657
8.294
8.331
8.056
7.723
7.609
7.652
7.68
7.643
7.437
7.143
6.991
6.906
7.944
8.815
9.552
10.671
11.654
12.231
12.598
12.709
12.531
11.999
10.487
9.332
9.384
9.023
8.314
7.314
6.798
6.825
7.121
7.416
7.501
7.588
7.752
7.936
8.385
8.934
9.547
10.274
11.04
11.797
12.302
12.421
12.25
11.752
10.334
8.833
8.384
7.937
7.298
6.806
6.347
6.163
6.259
6.505
6.591
6.6
6.485
6.244
6.886
7.472
8.402
9.673
10.682
11.235
11.272
11.059
10.523
9.704
8.804
8.106
7.475
6.863
6.442
6.118
5.777
5.404
5.047
4.666
4.26
3.861
3.421
2.826
3.12
4.427
5.854
6.957
7.91
8.621
9.0
8.963
8.643
7.855
6.111
4.362
3.579
2.871
2.171
1.569
1.153
0.861
0.607
0.466
0.431
0.489
0.686
0.842
2.621
5.0
6.579
7.626
8.435
9.025
9.392
9.434
9.126
8.398
6.71
5.28
4.479
3.744
3.265
2.819
2.479
2.263
2.334
2.55
2.489
2.51
2.534
2.589
3.257
4.084
5.532
6.888
7.801
8.117
7.865
7.381
6.924
6.513
6.112
5.777
5.637
5.615
5.665
5.75
5.893
6.123
6.387
6.642
6.833
7.056
7.208
7.225
7.377
7.891
8.509
9.188
9.942
10.614
10.975
10.924
10.524
9.666
8.137
6.875
6.571
6.726
6.629
6.518
6.418
6.372
6.32
6.299
6.287
6.381
6.541
6.696
7.003
7.348
7.744
8.151
8.484
8.751
9.051
9.318
9.316
9.176
8.99
8.883
8.901
8.957
8.978
8.905
8.814
8.713
8.621
8.435
8.128
7.654
7.246
6.927
6.848
7.033
7.454
8.113
8.69
9.072
9.304
9.305
9.184
8.974
8.035
7.264
7.27
7.365
7.507
7.683
7.694
7.706
7.762
7.798
8.127
8.509
8.8
8.719
8.658
8.652
8.788
9.309
10.174
11.185
11.394
11.357
10.984
10.465
9.812
9.358
9.231
9.205
9.126
9.047
8.9
8.788
8.722
8.723
8.789
8.862
8.693
8.311
8.134
8.162
8.352
8.654
8.706
8.672
8.685
8.717
8.776
8.683
8.388
8.177
8.078
8.075
8.132
8.104
7.97
7.805
7.639
7.486
7.301
7.157
7.164
7.201
7.304
7.584
7.945
8.457
8.86
8.874
8.689
8.453
8.144
7.839
7.43
7.307
7.363
7.38
7.528
7.689
7.878
8.035
8.225
8.312
8.166
8.011
7.929
7.736
7.773
8.107
8.298
8.406
8.582
8.74
8.362
7.805
7.689
8.373
9.346
9.993
10.127
10.048
9.679
9.326
8.89
8.569
8.428
8.297
8.246
8.219
8.118
7.993
7.965
8.126
8.414
8.739
9.185
9.527
9.71
9.606
9.157
8.682
8.195
7.964
7.853
7.807
7.717
7.528
7.223
6.871
6.585
6.399
6.082
5.693
5.426
5.261
5.547
6.458
7.171
7.741
8.02
8.127
8.217
8.246
8.157
7.833
7.062
6.263
5.928
5.753
5.644
5.641
5.663
5.7
5.698
5.696
5.664
5.583
5.54
5.448
5.473
5.861
6.501
7.436
8.021
8.458
8.589
8.525
8.312
7.756
7.05
6.939
7.04
6.824
6.347
6.009
5.793
5.535
5.479
5.383
5.269
5.24
5.134
4.956
5.168
6.414
7.076
7.784
8.392
8.911
9.292
9.513
9.292
8.37
6.792
6.379
6.306
6.357
6.584
6.825
6.975
7.023
7.044
7.076
7.064
7.026
6.991
6.931
6.928
6.993
7.171
7.719
8.649
9.556
10.099
10.161
9.86
9.127
7.999
7.524
7.269
7.105
7.181
7.356
7.525
7.768
7.831
7.871
7.749
7.609
7.379
7.202
7.302
7.683
8.167
8.72
8.887
9.196
9.419
9.317
8.929
7.875
6.373
5.965
5.759
5.672
5.46
5.152
4.761
4.349
3.906
3.661
3.867
4.686
4.772
4.971
5.147
5.601
6.437
7.472
8.477
9.288
9.599
9.681
9.346
8.605
7.93
7.779
7.686
7.631
7.559
7.455
7.381
7.164
6.992
6.553
6.174
5.726
5.544
5.578
5.776
6.043
6.45
7.158
8.026
8.62
8.851
8.821
8.478
7.438
6.376
6.218
6.221
6.311
6.403
6.455
6.328
6.293
6.279
6.109
6.186
6.333
6.514
6.571
6.247
6.368
6.848
7.398
7.997
8.416
8.64
8.637
8.277
7.278
5.635
5.159
5.001
4.978
5.008
4.841
4.518
4.119
3.789
3.57
3.345
3.201
3.091
2.943
3.019
3.751
4.586
5.498
6.366
6.951
7.191
7.146
6.685
5.564
3.785
2.439
1.582
0.976
0.438
0.366
0.595
0.586
0.405
0.299
0.224
-0.133
-0.433
-0.38
-0.31
0.881
2.114
3.658
5.24
5.946
6.276
6.364
6.087
5.371
4.948
5.135
5.351
5.557
5.689
5.832
5.993
6.143
6.302
6.472
6.673
6.884
7.085
7.255
7.386
7.551
7.729
7.957
8.186
8.243
8.259
8.247
8.196
8.078
7.909
7.778
7.788
7.845
7.779
7.628
7.482
7.41
7.362
7.278
7.25
7.305
7.414
7.642
7.881
8.221
8.582
8.945
9.294
9.435
9.383
9.189
8.971
8.783
8.657
8.661
8.715
8.794
8.897
9.015
9.096
8.975
8.62
8.234
7.808
7.503
7.332
7.201
7.218
7.422
7.844
8.214
8.481
8.498
8.063
7.098
5.9
4.725
3.368
2.485
1.798
1.221
0.845
0.928
1.242
1.536
1.554
1.275
0.9
0.824
1.016
1.628
1.991
2.686
3.703
4.466
4.823
4.772
4.598
4.413
4.095
3.517
2.646
2.011
1.782
1.665
1.676
1.774
2.015
1.823
1.799
2.178
2.162
1.848
1.875
1.909
2.087
2.919
3.847
4.56
5.083
5.251
5.135
4.815
4.324
3.9
3.806
3.938
3.988
3.833
3.844
4.206
4.403
4.209
4.025
3.928
3.925
3.969
4.021
4.021
3.987
4.24
4.787
5.312
5.689
6.007
6.101
5.922
5.377
4.535
3.556
3.211
2.897
2.544
2.139
1.526
0.741
0.554
0.735
0.916
0.873
0.633
0.098
-0.645
-0.896
0.403
2.769
4.207
5.336
5.822
5.997
5.866
5.313
3.595
2.067
1.287
0.909
0.951
0.916
0.693
0.477
0.321
0.124
0.018
-0.003
-0.377
-0.42
-0.103
0.377
1.241
2.366
3.528
4.824
5.624
5.99
5.896
5.316
3.462
2.167
1.715
1.251
0.82
0.401
0.457
0.875
1.304
1.318
1.295
1.381
1.533
1.671
1.777
1.863
2.326
3.125
4.146
5.086
5.713
5.978
5.899
5.282
3.667
2.501
1.88
1.089
0.617
0.256
-0.069
-0.244
-0.097
0.37
0.837
0.788
0.849
1.2
1.048
0.739
1.078
1.804
2.68
3.906
5.179
5.789
5.789
5.422
4.517
4.023
4.086
3.956
3.856
3.685
3.686
3.729
3.713
3.672
3.747
3.865
3.933
4.029
4.089
4.09
4.148
4.342
4.704
5.185
5.63
5.911
6.023
6.021
6.088
6.297
6.471
6.569
6.659
6.724
6.843
6.967
7.099
7.216
7.466
7.69
8.044
8.023
7.682
7.238
7.118
7.635
8.132
8.478
8.843
9.159
9.22
8.651
7.381
6.608
6.284
6.278
6.307
6.217
5.952
5.661
5.251
5.151
5.14
5.126
5.136
5.395
5.809
6.022
6.242
6.659
7.108
7.521
7.869
8.105
8.212
8.0
7.451
7.089
7.056
6.962
6.829
6.653
6.607
6.493
6.429
6.451
6.408
6.442
6.652
6.74
6.737
6.764
6.786
6.834
6.843
6.806
6.782
6.659
6.352
5.977
5.514
5.197
5.096
5.105
5.068
5.043
5.06
5.048
5.041
5.03
4.825
4.47
3.995
3.495
2.905
2.049
1.82
3.065
4.123
5.076
5.562
5.69
5.489
4.805
3.327
2.533
2.117
1.665
1.282
1.043
0.973
0.997
1.051
0.972
0.76
0.662
0.548
0.284
0.202
0.242
0.699
1.33
1.888
2.41
2.74
2.925
2.984
2.882
2.681
2.663
2.662
2.605
2.547
2.441
2.201
1.934
1.669
1.585
1.547
1.571
1.666
1.977
2.422
2.882
3.201
3.548
3.836
4.143
4.436
4.507
4.328
3.818
2.994
2.336
1.821
1.363
0.957
0.341
-0.336
-0.694
-0.95
-1.041
-1.231
-1.559
-1.865
-2.026
-2.15
-2.26
-1.765
-0.537
0.68
1.8
2.586
2.914
2.792
1.542
-0.409
-1.036
-1.163
-1.345
-1.547
-1.58
-1.339
-0.975
-0.645
-0.512
-0.371
-0.267
-0.177
-0.187
-0.207
-0.221
-0.074
0.552
1.33
2.025
2.479
2.604
2.276
1.414
0.296
-0.306
-0.595
-0.798
-1.023
-1.363
-1.616
-1.736
-1.803
-1.952
-2.146
-2.269
-2.322
-2.315
-2.302
-2.341
-1.976
-0.2
0.78
1.713
2.228
2.109
1.256
0.089
-0.563
-0.372
-0.087
0.051
0.157
0.08
-0.14
-0.231
-0.24
-0.224
-0.169
0.013
0.077
0.181
0.478
1.074
1.549
1.813
1.91
1.958
2.018
2.034
1.955
1.822
1.702
1.631
1.539
1.422
1.2
1.103
1.126
1.164
1.237
1.353
1.507
1.654
1.75
1.914
2.176
2.416
2.648
2.921
3.145
3.259
3.197
3.059
2.77
2.299
1.512
0.92
0.381
-0.268
-0.73
-1.054
-1.443
-1.673
-1.748
-1.694
-1.573
-1.434
-1.327
-1.232
-1.313
-1.649
-1.762
-0.997
-0.25
0.372
0.688
0.782
0.718
0.346
-0.414
-0.647
-0.8
-1.02
-1.437
-1.878
-2.227
-2.378
-2.287
-2.233
-2.172
-1.833
-1.494
-1.184
-0.948
-0.787
-0.513
0.124
0.87
1.522
1.928
1.976
1.669
1.012
0.266
0.225
0.313
0.321
0.231
0.192
0.192
0.232
0.313
0.298
0.313
0.357
0.398
0.372
0.346
0.328
0.469
1.149
1.75
2.273
2.672
2.841
2.591
1.768
1.036
1.039
0.971
0.633
0.604
0.624
0.628
0.688
0.702
0.671
0.609
0.468
0.368
0.374
0.349
0.247
0.245
0.686
1.113
1.459
1.696
1.757
1.452
1.029
0.687
0.609
0.569
0.55
0.538
0.544
0.563
0.595
0.625
0.711
0.762
0.725
0.628
0.624
0.648
0.695
0.791
1.48
2.259
2.689
2.898
2.95
2.574
0.83
-0.925
-1.292
-1.518
-1.607
-1.712
-1.886
-1.906
-1.856
-1.794
-1.773
-1.84
-1.891
-1.946
-1.982
-1.957
-1.935
-1.902
-0.733
0.456
1.239
1.964
2.066
1.492
0.336
-0.575
-0.919
-1.353
-1.682
-1.877
-2.088
-2.139
-2.207
-2.242
-2.113
-1.856
-1.714
-1.812
-1.879
-1.872
-1.925
-1.933
-1.467
-0.892
-0.438
-0.094
0.091
0.053
-0.206
-0.277
-0.001
0.247
0.66
0.773
0.95
1.237
1.263
1.313
1.405
1.507
1.624
1.564
1.234
1.351
1.542
1.657
1.739
1.866
2.068
2.325
2.639
2.745
2.495
2.237
1.929
1.672
1.432
1.136
0.802
0.549
0.462
0.431
0.386
0.297
0.364
0.471
0.602
0.797
0.96
1.142
1.606
2.179
2.76
3.165
3.338
3.281
2.852
2.465
2.345
2.412
2.397
2.234
2.299
2.364
2.38
2.35
2.361
2.388
2.374
2.265
2.194
1.999
1.883
1.841
2.373
3.126
3.688
4.069
4.133
3.96
3.583
3.456
3.565
3.631
3.683
3.57
3.473
3.504
3.441
3.439
3.567
3.874
4.133
4.191
4.221
4.172
4.226
4.331
4.579
4.99
5.473
5.711
5.663
5.354
4.967
4.729
4.838
4.961
5.059
5.13
5.042
4.984
5.055
5.093
5.176
5.155
5.144
5.095
5.092
5.058
4.971
4.978
5.231
5.592
5.933
6.156
6.221
6.064
5.731
5.512
5.538
5.505
5.424
5.298
5.168
5.169
5.095
5.01
4.961
4.968
4.974
4.952
4.933
4.889
4.869
4.89
5.028
5.269
5.549
5.814
6.007
6.021
5.926
5.879
5.892
5.917
5.956
6.009
6.068
6.127
6.123
6.126
6.136
6.163
6.225
6.312
6.38
6.431
6.447
6.497
6.618
6.836
7.081
7.333
7.534
7.583
7.466
7.351
7.1
6.742
6.392
6.16
5.988
5.852
5.758
5.65
5.519
5.397
5.376
5.265
5.098
4.801
4.79
4.853
5.092
5.544
5.927
6.181
6.275
6.178
5.811
5.585
5.593
5.604
5.595
5.604
5.483
5.349
5.195
5.013
4.749
4.43
4.13
3.781
3.392
2.969
2.361
1.801
1.738
2.138
2.573
2.827
2.873
2.436
1.148
0.098
-0.142
-0.393
-0.766
-1.138
-1.245
-1.303
-1.561
-1.718
-1.732
-1.833
-1.951
-2.0
-2.078
-2.144
-2.194
-2.181
-1.594
-0.577
0.309
0.863
1.0
0.194
-1.027
-1.524
-1.582
-1.537
-1.516
-1.532
-1.561
-1.564
-1.505
-1.457
-1.428
-1.476
-1.604
-1.787
-1.979
-2.129
-2.217
-2.232
-1.538
-0.295
0.3
0.632
0.713
0.093
-0.874
-1.17
-0.986
-0.711
-0.486
-0.235
-0.174
-0.39
-0.589
-0.753
-1.259
-2.038
-2.713
-3.187
-3.594
-3.84
-3.947
-3.917
-3.205
-1.757
-0.309
0.547
0.803
0.544
0.025
0.171
0.554
0.622
0.623
0.961
1.287
1.537
1.603
1.571
1.454
1.396
1.533
1.691
1.857
1.967
2.111
2.24
2.439
2.711
2.963
3.444
3.735
3.878
3.72
3.765
3.959
4.306
4.712
4.918
4.853
4.735
4.602
4.374
4.39
4.394
4.312
4.248
4.18
4.117
3.964
3.897
3.756
3.748
3.844
3.723
3.43
3.082
2.537
1.999
1.29
1.326
1.99
2.615
3.054
3.383
3.665
3.82
3.919
3.992
4.117
4.22
4.289
4.362
4.425
4.489
4.6
4.855
5.291
5.727
5.732
5.121
4.409
4.06
4.03
3.995
3.851
3.743
3.706
3.83
3.915
3.73
3.766
3.987
4.243
4.527
4.67
4.633
4.429
4.279
4.07
3.829
3.808
4.403
5.616
6.936
7.991
8.667
9.058
9.27
9.198
8.971
8.817
8.683
8.571
8.523
8.517
8.462
8.356
8.275
8.247
8.119
7.589
6.916
6.538
6.466
6.458
6.512
6.472
6.357
6.191
6.11
5.949
5.744
5.67
5.662
5.557
5.326
5.037
4.617
4.32
4.06
3.805
3.617
3.756
3.966
4.239
4.627
4.99
5.359
5.4
5.471
5.718
6.19
6.611
7.194
7.39
7.548
7.662
7.732
7.772
7.887
8.114
7.927
6.04
4.5
3.828
3.283
3.154
3.337
3.437
3.444
3.276
3.049
2.875
3.135
3.344
3.343
3.275
3.176
3.178
3.419
3.674
3.742
3.705
3.54
3.385
3.1
2.71
2.414
2.127
1.802
1.562
1.37
1.061
0.609
0.461
1.127
1.812
2.187
2.167
1.167
-0.48
-0.413
-0.282
-0.432
0.019
0.726
1.544
2.485
2.718
2.857
3.039
3.297
3.701
4.414
4.922
4.973
5.108
5.853
7.054
8.236
9.003
9.51
9.256
5.797
3.13
2.859
3.006
3.172
3.046
2.75
2.6
2.55
2.488
2.297
2.104
1.897
1.806
1.659
1.519
1.547
1.799
1.893
1.824
1.875
2.044
2.179
2.192
2.045
1.752
1.595
1.552
1.569
1.608
1.611
1.692
1.667
1.647
1.521
1.466
1.414
1.455
1.534
1.638
1.6
1.415
1.122
0.945
1.278
1.516
1.595
1.594
1.516
1.387
1.325
1.318
1.307
1.278
1.386
1.527
1.641
1.677
1.584
1.444
1.373
1.449
1.506
1.549
1.61
1.729
1.904
2.169
2.458
2.727
3.027
3.159
2.926
2.268
1.722
1.337
1.021
0.935
0.93
0.895
0.74
0.538
0.465
0.7
0.85
0.929
0.966
0.962
0.824
0.741
0.908
1.206
1.548
1.702
1.588
1.477
1.465
1.459
1.425
1.234
1.148
1.113
1.107
1.167
1.196
1.059
0.846
0.583
0.313
-0.026
-0.284
-0.238
-0.073
-0.007
0.078
0.314
0.755
1.163
1.458
1.607
1.478
1.076
0.604
0.142
-0.527
-1.858
-2.339
-2.278
-1.21
-0.437
0.114
0.562
0.694
0.747
0.739
0.575
0.339
0.115
0.087
0.349
1.134
1.387
1.545
1.991
2.367
2.445
2.385
2.299
2.294
2.321
2.283
2.25
2.196
2.121
2.051
1.968
1.946
1.971
2.117
2.277
2.447
2.537
2.453
2.253
2.298
2.473
2.332
2.043
1.36
-0.414
-1.643
-1.907
-1.832
-1.762
-1.563
-1.127
-0.065
0.398
0.413
0.32
0.215
0.07
-0.081
-0.366
-0.657
-1.263
-1.93
-1.158
0.29
0.975
1.297
1.162
0.918
0.786
0.825
1.032
1.237
1.408
1.617
1.671
1.689
1.667
2.242
3.418
4.564
5.437
5.779
5.621
4.997
3.873
3.613
3.859
4.167
4.334
4.462
4.405
4.347
4.507
4.869
5.035
5.127
5.234
5.47
5.463
5.415
5.31
5.02
4.791
4.699
4.979
5.332
5.375
5.017
4.574
4.346
4.227
4.269
4.341
4.334
4.263
3.986
3.688
3.823
4.016
4.084
4.05
4.126
4.113
4.04
3.99
3.988
3.923
3.802
3.635
3.421
3.205
2.957
2.705
2.422
2.384
2.774
3.025
3.269
3.383
3.286
3.024
2.996
3.003
2.904
2.848
2.81
2.745
2.633
2.596
2.601
2.572
2.591
2.682
2.731
2.751
2.754
2.728
2.7
2.778
3.132
3.393
3.477
3.456
3.216
2.807
2.665
2.589
2.563
2.613
2.504
2.318
2.376
2.628
2.937
3.29
3.577
3.815
3.816
3.839
4.143
4.453
4.688
4.942
5.188
5.345
5.333
5.148
4.804
4.419
4.147
4.058
4.022
4.071
4.127
4.279
4.313
4.321
4.348
4.259
4.114
3.904
3.725
3.538
3.389
3.285
3.187
3.186
3.347
3.449
3.401
3.267
2.972
2.554
2.481
2.657
2.77
2.67
2.512
2.442
2.478
2.591
2.587
2.635
2.759
2.907
2.957
2.921
2.858
2.726
2.741
2.831
3.432
4.071
4.328
4.225
3.666
3.052
2.9
2.497
1.825
1.294
0.917
0.793
0.877
1.222
1.429
1.6
1.718
1.804
1.884
1.928
1.958
1.962
1.995
2.086
2.217
2.364
2.525
2.664
2.691
2.578
2.579
2.645
2.729
2.88
3.053
3.126
3.039
2.896
2.741
2.6
2.434
2.299
2.323
2.427
2.596
2.787
2.99
3.526
4.013
4.47
4.936
5.377
5.912
6.456
6.835
7.043
7.074
7.056
7.167
7.178
7.037
7.012
7.161
7.659
7.691
7.618
7.516
7.426
7.445
7.463
7.453
7.392
7.279
7.132
7.147
7.189
7.222
7.313
7.495
7.563
7.573
7.634
7.646
7.656
7.738
7.774
7.723
7.575
7.405
7.277
7.289
7.26
7.244
7.244
7.163
7.08
7.119
7.219
7.318
7.327
7.13
6.764
6.78
7.046
7.325
7.52
7.634
7.726
7.752
7.732
7.703
7.677
7.689
7.613
7.463
7.265
7.096
6.918
6.729
6.525
6.326
6.105
5.734
5.291
4.637
3.756
3.062
2.621
2.392
2.348
2.108
1.329
0.534
0.165
0.316
0.625
0.604
0.337
1.057
1.282
1.148
0.838
0.576
0.585
1.031
1.537
1.829
1.319
0.227
-0.864
-1.32
-1.585
-1.544
-0.559
0.247
0.873
1.487
2.015