6.912
6.719
6.546
6.378
6.229
6.049
5.832
5.617
5.453
5.254
5.097
4.978
4.898
4.853
4.793
4.72
4.784
4.869
4.9
4.966
4.79
4.647
4.49
4.337
4.256
4.168
4.251
4.212
4.222
4.246
4.277
4.319
4.502
4.59
4.743
4.859
4.904
4.836
4.687
4.488
4.539
4.609
4.586
4.54
4.559
4.682
4.817
4.986
5.176
5.377
5.519
5.558
5.488
5.271
5.026
4.915
4.963
5.246
5.577
5.886
6.118
6.235
6.319
6.362
6.51
6.665
6.716
6.813
6.905
6.985
7.036
7.047
7.102
7.114
7.158
7.295
7.437
7.576
7.729
7.915
8.037
8.059
8.387
8.708
8.795
8.734
8.633
8.548
8.489
8.504
8.578
8.568
8.561
8.579
8.537
8.49
8.454
8.425
8.379
8.226
8.107
8.039
8.004
7.984
7.893
7.833
7.86
7.867
7.872
7.832
7.727
7.594
7.465
7.32
7.152
6.99
7.049
7.169
7.296
7.463
7.891
8.394
8.783
8.881
8.518
8.052
7.707
7.498
7.304
7.261
7.333
7.395
7.384
7.175
6.873
6.713
6.72
6.817
6.848
6.648
6.265
6.025
6.101
6.402
6.724
7.027
7.278
7.614
7.92
8.42
9.585
9.787
8.897
8.343
8.105
8.004
7.919
8.064
8.468
8.286
7.928
7.742
7.663
7.556
7.448
7.343
7.213
7.091
6.999
6.91
6.847
6.775
6.598
6.384
6.106
5.793
5.47
5.283
5.418
5.591
5.707
5.759
5.712
5.565
5.444
5.306
5.189
5.058
4.958
4.86
4.672
4.651
4.721
4.764
4.815
4.688
4.788
4.829
4.921
5.043
5.106
5.166
5.399
5.74
5.907
5.85
5.773
5.81
5.962
6.249
6.679
7.333
8.136
8.769
9.03
9.059
9.096
9.191
9.205
9.248
9.28
9.279
9.226
9.196
9.162
9.195
9.168
9.065
8.926
8.785
8.713
8.821
8.952
8.944
8.848
8.799
8.72
8.642
8.623
8.641
8.654
8.685
8.685
8.618
8.537
8.448
8.362
8.22
8.096
8.115
8.436
8.584
8.592
8.515
8.426
8.248
8.133
7.98
7.915
7.788
7.802
8.042
8.501
8.685
8.095
7.921
8.068
8.091
8.027
7.993
8.095
8.091
8.14
8.261
8.355
8.465
8.569
8.676
8.692
8.571
8.453
8.368
8.607
9.021
9.174
9.203
9.294
9.395
9.39
9.427
9.499
9.395
9.099
8.829
8.558
8.28
8.071
7.895
7.808
7.703
7.486
7.208
6.749
6.054
5.448
5.102
4.999
4.798
4.521
4.281
4.155
3.91
3.649
3.513
3.484
3.565
3.71
3.873
4.001
4.145
4.25
4.432
4.846
5.292
5.706
6.296
6.926
7.047
6.782
6.569
6.355
6.16
6.194
6.702
7.484
7.988
8.712
9.259
9.175
8.661
8.428
8.384
8.324
8.207
8.108
8.086
8.015
7.765
7.39
6.881
6.262
5.709
5.53
6.06
7.147
8.001
8.496
8.81
8.785
8.386
7.756
7.217
6.977
6.811
6.794
6.82
6.688
6.443
6.221
5.986
5.841
5.748
5.587
5.223
4.711
4.158
4.031
4.258
4.22
3.87
3.736
3.877
4.072
4.215
4.376
4.307
4.363
4.634
4.764
4.902
5.047
5.192
5.272
5.361
5.463
5.439
5.404
5.311
5.088
4.748
4.54
4.422
4.368
4.352
4.336
4.356
4.436
4.552
4.648
4.696
4.718
4.681
4.613
4.558
4.555
4.588
4.637
4.788
5.051
5.278
5.393
5.367
5.181
4.955
4.869
4.843
4.864
4.897
4.931
4.958
5.008
5.06
5.095
5.109
5.115
5.194
5.245
5.207
5.214
5.232
5.287
5.464
5.697
5.866
5.949
5.928
5.806
5.65
5.657
5.724
5.791
5.882
5.978
6.018
6.001
5.97
5.919
5.822
5.765
5.808
5.869
5.863
5.722
5.518
5.556
5.713
5.967
6.202
6.311
6.24
6.045
5.772
5.767
5.876
6.02
6.043
6.174
6.217
6.256
6.213
6.059
5.926
5.776
5.779
5.711
5.625
5.664
5.701
5.74
5.806
5.809
5.803
5.634
5.387
5.189
5.112
5.06
4.935
4.815
4.84
4.917
4.863
4.762
4.668
4.597
4.601
4.793
5.012
5.184
5.32
5.343
5.288
5.197
5.231
5.365
5.424
5.426
5.359
5.232
5.055
4.994
4.996
5.012
5.054
4.934
4.831
4.81
4.72
4.626
4.46
4.337
4.311
4.353
4.475
4.623
4.688
4.762
4.845
4.957
4.954
4.798
4.457
4.041
3.858
3.741
3.731
3.807
3.818
3.727
3.63
3.598
3.595
3.739
4.015
4.321
4.611
4.771
4.903
5.01
5.083
5.167
5.291
5.391
5.498
5.523
5.53
5.535
5.466
5.416
5.401
5.335
5.138
4.76
4.359
4.194
4.08
4.042
4.242
4.843
6.111
7.072
7.646
7.683
7.412
7.311
7.447
7.553
7.483
7.339
7.237
7.159
6.96
6.803
6.811
6.872
6.934
6.921
6.859
6.77
6.677
6.707
6.667
6.541
6.388
6.163
5.909
5.698
5.62
5.507
5.344
5.13
4.91
4.714
4.563
4.514
4.544
4.607
4.796
4.965
5.024
5.066
5.081
5.166
5.36
5.451
5.428
5.341
5.136
4.874
4.769
4.942
5.136
5.262
5.356
5.348
5.23
5.178
5.21
5.238
5.209
5.124
5.042
5.043
5.038
4.831
4.512
4.291
4.203
4.168
4.13
4.063
3.962
3.866
3.804
3.775
3.727
3.751
3.929
4.164
4.385
4.533
4.579
4.414
4.089
3.859
4.125
4.724
5.191
5.449
5.338
4.93
4.673
4.579
4.537
4.516
4.298
4.026
3.798
3.712
3.679
3.673
3.789
3.877
3.854
3.762
3.597
3.383
3.117
2.902
2.757
2.642
2.587
2.597
2.658
2.811
2.978
3.175
3.388
3.579
3.765
3.957
4.145
4.314
4.49
4.694
4.85
4.974
5.046
5.085
5.07
5.038
4.915
4.744
4.651
4.531
4.367
4.256
4.159
4.083
3.983
3.874
3.785
3.708
3.699
3.745
3.806
3.871
3.945
4.043
4.16
4.169
3.966
3.688
3.458
3.28
3.236
3.323
3.474
3.601
3.689
3.734
3.714
3.722
3.759
3.791
3.745
3.817
3.928
4.041
4.098
4.213
4.436
4.559
4.727
4.844
4.932
4.915
4.753
4.502
4.247
4.085
4.038
4.087
4.218
4.292
4.285
4.233
4.153
4.068
4.018
4.013
4.073
4.098
4.013
3.879
3.751
3.72
3.922
4.162
4.3
4.288
4.13
3.885
3.632
3.469
3.448
3.415
3.356
3.303
3.276
3.307
3.311
3.313
3.313
3.324
3.448
3.633
3.832
3.997
4.136
4.254
4.388
4.465
4.518
4.683
5.071
5.54
5.672
5.664
5.729
5.755
5.706
5.63
5.42
5.176
5.125
5.142
5.077
4.899
4.67
4.446
4.211
4.024
4.15
4.549
5.023
5.523
5.94
6.213
6.4
6.51
6.39
6.117
5.938
5.801
5.73
5.686
5.638
5.566
5.436
5.28
5.12
4.969
4.906
4.909
4.949
5.038
5.146
5.216
5.206
5.289
5.562
5.732
5.883
5.937
5.948
6.094
6.318
6.402
6.3
5.834
4.988
4.915
5.519
6.065
6.532
6.743
6.872
6.798
6.57
6.206
6.005
5.965
6.271
6.474
6.483
6.534
6.621
6.536
6.253
5.974
5.858
5.895
5.836
5.793
5.723
5.6
5.414
5.197
5.039
4.923
4.864
4.893
4.997
5.177
5.388
5.609
5.846
6.146
6.372
6.256
5.952
5.658
5.31
5.038
5.043
5.128
5.285
5.499
5.429
5.195
5.033
4.977
4.974
5.023
5.208
5.343
5.518
5.787
6.089
6.132
5.84
5.632
5.905
6.464
6.955
7.442
7.71
7.655
7.246
6.641
6.625
6.962
7.148
7.152
7.046
6.887
6.743
6.574
6.453
6.328
6.248
6.229
6.404
6.719
7.151
7.427
7.508
7.394
7.074
6.791
6.616
6.523
6.464
6.397
6.324
6.32
6.286
6.234
6.203
6.135
6.027
5.902
5.792
5.732
5.656
5.552
5.462
5.434
5.574
5.872
6.387
6.82
6.902
6.594
6.106
5.61
5.287
5.173
5.199
5.359
5.357
5.036
4.671
4.371
4.239
4.192
4.097
4.012
3.891
3.728
3.542
3.571
3.917
4.273
4.3
4.373
4.439
4.525
4.572
4.631
4.777
4.981
5.263
5.402
5.292
5.263
5.346
5.665
6.025
6.241
6.354
6.435
6.822
7.193
7.41
7.67
7.963
8.339
8.722
9.344
9.94
10.245
9.844
9.294
9.235
9.184
8.926
8.666
8.403
8.177
7.96
7.831
7.636
7.394
7.124
7.104
6.939
6.57
7.347
8.236
8.382
8.633
8.982
9.17
9.262
9.55
9.59
9.406
9.1
8.852
8.728
8.697
8.881
9.089
9.282
9.359
9.367
9.523
9.552
9.6
9.566
9.555
9.479
9.422
9.394
9.386
9.475
9.605
9.695
9.584
9.382
9.16
8.947
8.678
8.405
8.15
7.933
7.766
7.663
7.589
7.523
7.421
7.305
7.144
6.953
6.832
6.763
6.904
7.178
7.513
7.947
8.378
8.748
8.997
9.056
8.941
8.74
8.501
8.509
8.349
8.109
7.885
7.712
7.796
7.378
7.023
6.635
6.258
6.132
6.245
6.362
6.621
6.991
7.306
7.541
7.745
7.896
8.081
8.182
8.04
7.962
7.965
7.962
7.836
7.72
7.546
7.331
7.211
7.221
7.252
7.289
7.392
7.688
8.366
8.773
8.652
8.496
8.369
8.334
8.365
8.428
8.572
8.875
8.8
8.625
8.323
7.949
7.681
7.399
7.179
7.161
7.153
7.18
7.221
7.237
7.214
7.222
7.315
7.218
7.26
7.36
7.431
7.509
7.638
7.714
7.717
7.625
7.504
7.496
7.568
7.645
7.68
7.513
7.089
6.805
6.705
6.609
6.436
6.327
6.239
6.139
5.988
5.833
5.924
6.242
6.348
6.374
6.373
6.375
6.37
6.312
6.166
6.058
6.134
6.28
6.496
6.658
6.701
6.687
6.591
6.417
6.297
6.376
6.694
7.206
7.93
8.31
8.475
8.694
8.888
9.26
9.648
9.98
10.315
10.274
9.827
9.39
8.932
8.352
8.002
7.732
7.441
7.177
6.953
6.769
6.645
6.619
6.691
7.162
7.567
7.959
8.483
8.846
9.096
9.271
9.621
10.097
10.439
10.496
10.141
9.761
9.548
9.353
9.183
9.029
8.869
8.817
8.615
8.437
8.167
7.997
7.899
7.805
7.871
8.238
8.588
9.168
9.438
9.539
9.743
9.935
9.804
9.714
9.652
9.772
9.846
9.822
9.714
9.493
9.373
9.27
9.142
9.062
9.002
8.958
9.037
9.239
8.917
8.885
8.935
9.33
9.123
9.098
9.216
9.343
9.363
9.562
9.478
9.419
9.37
9.238
9.121
8.802
8.333
8.217
7.95
7.54
7.317
7.023
6.847
6.71
6.702
6.862
7.089
7.396
7.866
8.038
8.148
8.132
8.121
8.145
8.062
7.949
7.956
8.014
8.054
8.047
8.113
8.206
8.3
8.462
8.594
8.783
9.033
8.905
8.804
8.743
8.777
8.787
8.834
8.992
9.162
9.147
9.073
9.072
9.119
8.954
8.756
8.803
9.089
9.413
9.548
9.439
9.1
8.744
8.45
8.5
8.523
8.481
8.396
8.474
8.815
8.961
9.019
9.116
9.144
9.134
9.121
9.025
8.648
8.273
8.228
8.216
8.207
8.155
8.096
8.002
7.831
7.69
7.588
7.601
7.7
7.75
7.767
7.895
7.98
8.127
8.437
8.618
8.826
8.855
8.781
8.594
8.327
8.15
8.092
7.997
7.898
7.784
7.668
7.593
7.506
7.36
7.174
6.878
6.573
6.366
6.249
6.245
6.526
6.725
6.751
6.783
6.784
6.714
6.602
6.485
6.362
6.133
5.994
5.902
5.85
5.794
5.712
5.619
5.536
5.472
5.476
5.519
5.594
5.665
5.73
5.845
6.095
6.406
6.706
6.98
7.224
7.451
7.597
7.691
7.719
7.649
7.612
7.557
7.43
7.267
7.074
6.932
6.84
6.753
6.601
6.657
6.698
6.57
6.309
6.175
6.706
7.021
7.172
7.524
7.955
7.995
7.735
7.523
7.303
7.634
7.998
7.904
7.705
7.148
6.761
6.723
6.92
7.165
7.431
7.543
7.803
8.031
7.973
8.003
8.221
8.507
8.752
8.892
8.944
8.885
8.697
8.445
8.141
7.736
7.555
7.489
7.499
7.378
7.219
7.073
6.941
6.839
6.726
6.654
6.679
6.724
6.757
6.821
6.993
7.169
7.329
7.393
7.464
7.474
7.389
7.103
6.633
6.134
5.759
5.811
6.473
6.846
6.901
6.837
6.78
6.84
6.854
6.785
6.736
6.686
6.635
6.607
6.711
6.871
6.776
6.697
6.618
6.525
6.437
6.276
6.033
5.57
5.347
5.205
5.067
4.976
4.893
4.794
4.665
4.53
4.44
4.408
4.42
4.451
4.54
4.802
5.325
5.652
5.829
5.853
5.813
5.768
5.814
5.905
5.967
5.992
6.035
6.072
6.148
6.233
6.293
6.301
6.291
6.247
6.177
6.09
5.97
5.832
5.791
5.819
5.895
5.979
6.086
6.188
6.226
6.162
6.099
6.009
5.818
5.564
5.337
5.099
4.934
4.789
4.652
4.481
4.287
4.154
4.059
4.036
4.1
4.224
4.434
4.745
5.124
5.367
5.005
4.238
3.995
4.067
4.351
4.705
5.151
5.355
5.46
5.494
5.335
5.143
5.137
5.499
5.844
5.789
5.666
5.607
5.753
5.7
5.706
5.914
6.092
6.03
5.893
5.98
6.063
6.049
5.99
5.844
5.744
5.703
5.678
5.575
5.337
5.096
5.021
5.113
5.015
4.96
4.899
4.852
4.778
4.719
4.698
4.891
5.236
5.538
5.546
5.577
5.63
5.69
5.585
5.279
4.898
4.436
4.146
3.93
3.808
3.899
4.007
4.004
4.06
4.303
4.676
5.089
5.594
6.013
6.199
6.334
6.432
6.656
7.024
7.307
7.418
7.426
7.34
7.153
6.832
6.414
6.174
6.116
6.025
5.98
5.904
5.638
5.186
5.17
5.924
6.278
6.26
6.189
6.151
6.179
6.267
6.311
6.354
6.499
6.738
6.938
6.921
6.715
6.263
5.72
5.617
5.814
6.038
5.965
5.762
5.693
5.773
5.889
6.038
6.106
6.181
6.176
6.185
6.326
6.592
6.924
7.243
7.462
7.603
7.655
7.553
7.234
6.904
6.741
6.69
6.616
6.42
6.102
5.585
5.182
5.003
5.072
5.565
6.401
6.906
6.85
6.762
6.897
7.073
7.219
7.412
7.648
7.737
7.732
7.552
7.308
7.171
7.101
7.042
6.98
6.913
6.745
6.742
6.661
6.259
5.762
5.514
5.316
5.082
4.765
4.61
4.869
5.499
5.892
5.992
5.896
5.928
6.059
6.143
6.163
6.244
6.386
6.382
6.299
6.331
6.397
6.405
6.352
6.236
6.114
6.041
6.031
5.991
5.885
5.812
5.925
6.092
6.127
5.913
5.447
4.653
3.666
2.945
2.525
2.537
2.561
2.649
2.831
2.997
3.467
3.917
4.265
4.506
4.698
4.869
4.966
5.046
5.192
5.393
5.848
6.244
6.338
6.209
6.118
6.286
6.55
6.641
6.571
6.408
6.205
5.997
5.958
5.91
5.799
5.694
5.579
5.478
5.275
4.88
4.737
4.67
4.663
4.815
5.172
5.651
5.932
6.152
6.403
6.647
6.838
6.996
7.108
7.16
7.068
6.84
6.781
6.756
6.762
6.801
6.802
6.822
6.865
6.87
6.93
6.967
6.963
7.092
7.344
7.506
7.658
7.737
7.918
8.611
9.252
9.425
9.42
9.25
9.115
8.972
8.583
8.171
7.985
7.843
7.726
7.605
7.516
7.502
7.443
7.31
7.172
7.372
7.802
8.113
8.259
8.41
8.625
8.79
8.929
9.077
9.351
9.788
10.179
10.375
10.407
10.205
9.994
9.788
9.627
9.319
8.887
8.426
7.981
7.653
7.518
7.504
7.793
7.903
7.928
8.02
8.122
8.152
8.152
8.16
8.251
8.322
8.108
7.921
7.748
7.631
7.545
7.58
7.745
8.054
8.341
8.434
8.446
8.844
8.926
8.986
9.233
9.504
9.612
9.641
9.495
9.244
9.014
8.819
8.601
8.233
7.701
7.248
6.98
6.753
6.529
6.305
6.111
6.019
6.029
5.932
5.904
5.799
5.765
5.9
6.207
6.571
6.911
7.127
7.222
7.13
7.276
7.502
7.602
7.53
7.243
6.94
6.811
6.669
6.501
6.371
6.186
6.081
6.078
6.077
6.03
5.928
5.83
5.907
6.065
6.273
6.542
6.739
7.041
7.021
6.792
6.39
6.156
6.07
6.273
6.446
6.493
6.708
7.032
7.101
7.067
7.012
7.048
7.086
6.995
6.767
6.56
6.578
6.643
6.667
6.867
7.109
7.169
7.229
7.287
7.346
7.312
7.282
7.293
7.317
7.38
7.393
7.453
7.598
7.714
7.627
7.432
7.332
7.25
7.145
7.062
7.196
7.459
7.806
8.218
8.51
8.712
8.874
8.959
8.938
8.887
8.798
8.722
8.675
8.629
8.599
8.555
8.528
8.481
8.434
8.439
8.472
8.681
8.718
8.687
8.561
8.58
8.688
8.753
8.811
8.874
8.982
9.038
9.015
9.011
9.062
8.996
8.934
8.916
8.867
8.834
8.816
8.8
8.798
8.853
8.936
8.897
8.773
8.765
8.844
9.005
9.176
9.368
9.578
9.82
10.044
10.07
9.908
9.627
9.357
9.144
8.953
8.817
8.676
8.634
8.629
8.598
8.57
8.629
8.72
8.775
8.869
8.921
8.908
8.927
8.901
8.621
8.219
8.006
8.048
8.135
8.146
8.117
8.085
8.001
7.812
7.746
7.756
7.681
7.488
7.314
7.137
6.942
6.746
6.682
6.676
6.697
6.756
6.926
7.04
7.053
7.096
7.146
7.206
7.137
6.674
6.198
5.838
5.466
5.04
4.742
4.535
4.345
4.101
3.846
3.675
3.559
3.515
3.53
3.575
3.64
3.845
4.485
4.908
5.207
5.515
5.839
6.162
6.473
6.701
6.89
7.052
7.076
6.749
6.671
6.614
6.449
6.272
6.085
5.876
5.666
5.469
5.444
5.517
5.543
5.767
6.301
6.821
7.291
7.717
7.97
8.11
8.199
8.16
7.949
7.571
7.043
6.674
6.7
6.769
6.689
6.476
6.159
5.812
5.464
5.203
5.065
5.044
5.058
5.22
5.565
5.585
5.497
5.25
5.046
5.066
5.239
5.418
5.574
5.657
5.572
5.458
5.502
5.514
5.394
5.284
5.157
5.117
5.226
5.294
5.399
5.529
5.58
5.571
5.519
5.448
5.54
5.871
6.141
6.134
6.279
6.627
7.123
7.494
7.552
7.117
6.747
6.592
6.686
6.846
6.808
6.769
6.733
6.685
6.8
6.983
7.106
7.224
7.427
7.719
7.866
7.837
7.719
7.596
7.448
7.367
7.47
7.551
7.513
7.368
7.315
7.292
7.246
7.145
6.784
6.509
6.338
6.183
6.106
6.062
5.995
6.118
6.5
6.793
6.994
7.229
7.591
7.951
8.132
8.178
8.152
8.097
7.993
7.636
7.371
7.282
7.214
7.116
7.014
7.029
7.111
7.065
7.028
6.962
6.938
7.363
7.959
8.302
8.562
8.726
8.919
8.965
8.854
8.664
8.429
8.158
7.895
7.643
7.47
7.372
7.314
7.233
7.102
6.968
6.969
6.848
6.654
6.384
6.239
6.529
6.889
7.196
7.5
7.767
7.955
8.07
8.093
8.025
7.891
7.669
7.374
6.965
6.621
6.447
6.272
6.137
6.033
5.929
5.802
5.682
5.6
5.552
5.561
6.046
6.624
7.037
7.397
7.683
7.854
7.904
7.808
7.624
7.483
7.404
7.339
7.274
7.263
7.286
7.295
7.243
7.121
6.928
6.692
6.443
6.254
6.255
6.347
6.692
6.943
7.064
7.204
7.317
7.404
7.434
7.42
7.387
7.333
7.256
7.097
6.733
6.258
6.083
5.889
5.685
5.523
5.397
5.304
5.225
5.175
5.164
5.21
5.641
6.227
6.449
6.66
6.833
6.978
7.092
7.125
7.077
7.053
7.026
6.923
6.728
6.444
6.299
6.111
5.957
5.848
5.758
5.747
5.719
5.728
5.79
5.896
6.307
6.911
7.202
7.365
7.384
7.378
7.346
7.306
7.21
7.232
7.316
7.333
7.175
6.837
6.749
6.671
6.617
6.668
6.618
6.514
6.485
6.506
6.651
6.838
7.228
7.455
7.503
7.428
7.297
7.302
7.366
7.412
7.446
7.483
7.456
7.319
7.059
6.777
6.618
6.452
6.304
6.167
6.029
5.904
5.782
5.652
5.498
5.442
5.915
6.301
6.562
6.797
6.964
7.09
7.169
7.208
7.212
7.153
7.052
6.931
6.705
6.419
6.276
6.094
5.927
5.816
5.734
5.643
5.564
5.585
5.625
5.665
6.102
6.488
6.768
7.006
7.199
7.351
7.443
7.454
7.384
7.316
7.254
7.104
6.862
6.651
6.554
6.476
6.44
6.451
6.389
6.16
5.991
5.888
5.843
5.919
6.274
6.702
7.214
7.57
7.72
7.771
7.781
7.744
7.751
7.802
7.74
7.581
7.347
7.166
7.082
7.019
6.988
6.954
6.95
6.931
6.897
6.892
6.884
6.979
7.272
7.537
7.72
7.781
7.775
7.82
7.903
7.947
7.965
7.977
7.971
7.831
7.537
7.27
7.168
6.989
6.764
6.61
6.52
6.496
6.469
6.479
6.456
6.561
6.921
7.189
7.417
7.661
7.925
8.14
8.317
8.47
8.609
8.635
8.55
8.336
7.986
7.564
7.398
7.38
7.274
7.13
6.999
7.005
7.032
7.093
7.135
7.272
7.628
7.993
8.412
8.772
9.036
9.278
9.445
9.551
9.614
9.564
9.395
9.358
9.215
9.073
9.02
8.809
8.465
8.261
8.097
7.988
7.94
7.979
8.058
8.182
8.416
8.693
9.058
9.448
10.016
10.494
10.831
11.189
11.534
11.669
11.63
11.696
11.577
11.393
11.384
11.227
10.883
10.685
10.528
10.326
10.127
9.923
9.765
9.785
10.045
10.164
10.369
10.502
10.471
10.466
10.547
10.653
10.688
10.683
10.615
10.479
10.363
10.191
10.084
9.729
9.395
9.253
9.106
8.918
8.727
8.535
8.345
8.353
8.443
8.535
8.683
8.97
9.704
10.912
11.907
12.659
13.149
13.466
13.601
13.505
13.161
12.74
12.393
11.959
11.469
11.014
10.661
10.342
9.993
9.73
9.534
9.548
9.799
10.134
10.594
10.993
11.304
11.503
11.574
11.467
11.258
11.009
10.685
10.315
9.856
9.392
9.14
8.987
8.787
8.585
8.427
8.334
8.245
8.185
8.14
8.27
8.605
8.985
9.364
9.702
9.901
10.001
10.073
10.036
10.05
10.062
9.89
9.629
9.325
9.068
8.917
8.811
8.802
8.88
8.794
8.771
8.7
8.825
9.032
9.316
9.591
9.864
10.021
10.069
10.179
10.415
10.51
10.384
10.102
9.847
9.683
9.504
9.286
9.064
8.946
8.912
8.977
9.011
8.99
8.825
8.718
8.678
8.643
8.699
8.804
8.933
9.255
9.799
10.292
10.701
11.076
11.353
11.432
11.243
10.732
9.866
9.211
8.918
8.824
8.81
8.788
8.796
8.774
8.734
8.623
8.468
8.485
8.551
8.599
8.631
8.835
9.272
9.704
10.175
10.492
10.566
10.451
10.322
10.038
9.595
9.235
9.007
8.906
8.783
8.628
8.502
8.442
8.391
8.292
8.267
8.237
8.433
8.723
8.961
9.071
9.207
9.404
9.609
9.84
9.898
9.848
9.759
9.581
9.204
8.792
8.518
8.397
8.37
8.383
8.391
8.415
8.416
8.381
8.353
8.412
8.725
9.028
9.243
9.385
9.478
9.55
9.633
9.676
9.672
9.762
9.84
9.833
9.666
9.307
8.755
8.428
8.338
8.163
8.026
7.924
7.865
7.833
7.808
7.787
8.196
8.623
9.057
9.43
9.777
10.077
10.18
10.196
10.198
10.203
10.174
10.114
9.955
9.639
9.131
8.665
8.449
8.281
8.131
8.002
7.884
7.804
7.653
7.604
8.055
8.645
9.048
9.471
9.781
10.037
10.519
11.353
12.192
12.679
12.851
12.721
12.365
11.638
10.776
10.262
9.908
9.602
9.311
8.946
8.648
8.394
8.296
8.262
8.33
8.454
8.639
8.991
9.338
9.708
10.228
10.507
10.441
10.237
9.967
9.644
9.287
8.907
8.617
8.426
8.281
8.17
8.062
7.929
7.842
7.719
7.584
7.505
7.581
7.617
7.569
7.553
7.409
7.274
7.285
7.223
7.085
6.976
6.848
6.747
6.621
6.461
6.272
6.182
6.147
6.088
6.022
5.874
5.742
5.595
5.412
5.287
5.354
5.527
5.775
6.03
6.209
6.228
6.282
6.367
6.38
6.184
6.029
6.005
5.95
5.928
5.932
5.88
5.848
5.802
5.74
5.686
5.651
5.618
5.762
5.945
6.137
6.309
6.43
6.555
6.759
6.866
6.822
6.783
6.892
6.999
6.997
6.82
6.612
6.461
6.354
6.278
6.209
6.087
6.064
6.123
6.062
6.115
6.286
6.482
6.887
7.289
7.492
7.588
7.596
7.644
7.691
7.497
7.299
7.07
6.823
6.659
6.451
6.246
6.064
6.031
5.965
5.97
5.831
5.706
5.636
5.57
5.503
5.508
5.729
5.874
5.949
6.017
6.165
6.34
6.501
6.706
6.924
7.023
7.064
6.992
6.834
6.635
6.276
5.812
5.487
5.176
4.938
4.846
4.737
4.634
4.592
4.512
4.833
5.0
5.106
5.269
5.305
5.249
5.159
4.981
4.898
4.87
4.893
4.931
4.912
4.873
4.799
4.563
4.4
4.25
4.157
4.12
4.12
4.094
4.047
4.06
4.422
4.8
5.057
5.158
5.063
5.023
5.032
5.032
5.042
5.102
5.154
5.232
5.419
5.652
5.788
5.811
5.832
5.78
5.669
5.553
5.494
5.473
5.415
5.336
5.681
6.14
5.965
5.867
6.055
6.362
6.642
6.933
7.209
7.422
7.654
7.84
7.898
7.832
7.473
6.918
6.64
6.427
6.277
6.161
6.073
5.99
5.918
5.931
6.361
6.733
6.693
6.707
6.91
7.107
7.265
7.43
7.442
7.399
7.305
7.168
7.091
7.033
6.876
6.596
6.454
6.316
6.159
6.006
5.853
5.739
5.697
5.789
6.348
6.785
6.859
6.823
6.822
6.928
7.027
7.1
7.16
7.163
7.23
7.338
7.388
7.415
7.36
7.124
7.046
6.999
7.048
7.085
7.049
6.973
6.89
6.886
7.297
7.903
8.109
8.244
8.348
8.425
8.483
8.594
8.632
8.648
8.685
8.886
9.066
9.151
9.025
8.638
8.511
8.451
8.48
8.489
8.501
8.582
8.714
8.85
9.107
9.379
9.553
9.823
10.276
10.775
11.279
11.672
12.007
12.25
12.383
12.488
12.505
12.396
11.779
11.238
11.091
10.954
10.639
10.379
10.171
9.898
9.653
9.549
9.949
10.333
10.612
11.205
12.475
13.218
13.765
14.242
14.605
14.842
15.012
14.986
14.555
13.271
11.84
10.811
10.243
9.952
9.765
9.646
9.506
9.353
9.223
9.291
9.602
9.802
10.046
10.338
10.849
11.387
11.701
11.885
12.029
12.088
12.057
11.917
11.604
11.078
10.534
10.071
9.766
9.509
9.263
9.031
8.848
8.694
8.633
8.838
9.32
9.724
10.128
10.508
10.807
11.0
11.107
11.159
11.152
11.092
11.015
10.85
10.554
10.232
9.889
9.548
9.337
9.162
8.974
8.77
8.648
8.565
8.571
8.859
9.645
10.156
10.566
11.149
11.485
11.71
11.907
12.094
12.186
12.188
12.115
12.016
11.849
11.484
11.027
10.547
10.226
9.888
9.559
9.225
9.072
9.075
9.093
9.206
9.407
9.59
9.68
9.728
9.81
9.901
10.015
10.231
10.485
10.683
10.651
10.566
10.445
10.268
10.111
10.016
9.972
9.965
9.95
9.9
9.867
9.835
9.756
9.818
9.978
10.073
10.208
10.379
10.733
11.132
11.32
11.436
11.567
11.641
11.723
11.716
11.679
11.583
11.296
10.777
10.445
10.238
10.052
9.876
9.745
9.723
9.679
9.737
9.862
9.994
10.278
10.616
10.904
11.185
11.617
12.109
12.455
12.544
12.445
12.271
12.038
11.749
11.415
11.107
10.887
10.743
10.64
10.502
10.24
9.995
9.919
9.899
9.951
9.978
10.015
10.0
10.038
10.141
10.236
10.36
10.41
10.443
10.43
10.374
10.275
10.067
9.88
9.683
9.512
9.355
9.318
9.322
9.366
9.428
9.544
9.681
9.829
9.983
10.087
10.106
10.065
9.968
9.926
9.952
9.963
9.953
9.818
9.592
9.406
9.27
9.133
9.025
8.934
8.853
8.8
8.727
8.671
8.611
8.59
8.65
8.798
8.953
9.062
9.07
9.021
9.04
9.192
9.286
9.292
9.324
9.265
9.271
9.291
9.28
9.254
9.211
9.144
9.072
9.02
8.972
8.94
8.916
8.902
8.853
8.804
8.799
8.847
8.91
9.014
9.058
9.108
9.131
9.141
9.176
9.137
9.19
9.294
9.402
9.487
9.54
9.554
9.526
9.454
9.315
9.156
9.055
8.87
8.803
8.776
8.78
8.778
8.839
8.959
9.09
9.19
9.237
9.284
9.293
9.24
9.155
9.012
8.835
8.611
8.367
8.207
8.051
7.941
7.845
7.736
7.62
7.543
7.73
8.172
8.353
8.483
8.675
8.671
8.52
8.309
7.963
7.604
7.465
7.514
7.765
7.96
8.16
8.258
8.138
7.776
7.532
7.353
7.158
7.143
7.155
7.179
7.314
7.425
7.443
7.547
7.586
7.566
7.785
7.949
7.988
8.046
8.047
7.883
7.624
7.388
7.161
6.906
6.652
6.415
6.269
6.322
6.253
6.149
6.101
6.125
6.392
6.81
7.074
7.24
7.387
7.551
7.694
7.895
8.049
8.163
8.183
8.035
7.887
7.685
7.515
7.336
7.078
6.82
6.698
6.648
6.633
6.593
6.439
6.342
6.527
6.954
7.582
8.096
8.513
8.76
8.928
9.066
9.192
9.279
9.287
9.17
9.002
8.867
8.667
8.532
8.354
8.105
7.912
7.67
7.494
7.416
7.483
7.493
7.603
7.932
8.242
8.485
8.693
8.852
8.997
9.088
9.162
9.262
9.315
9.325
9.239
9.035
8.883
8.759
8.525
8.403
8.352
8.32
8.268
8.175
8.13
8.062
8.292
8.615
8.626
8.502
8.601
8.694
8.935
9.327
9.644
9.857
10.08
10.287
10.657
11.18
11.514
11.437
10.927
10.557
10.36
10.192
10.126
10.091
10.158
10.24
10.528
10.86
11.099
11.273
11.385
11.48
11.652
11.977
12.317
12.37
12.107
11.883
11.779
11.779
11.777
11.667
11.246
10.836
10.737
10.562
10.36
10.231
10.265
10.265
10.259
10.269
10.479
10.649
10.713
10.879
11.197
11.599
12.206
12.673
13.189
13.557
13.612
13.361
12.807
12.145
11.615
11.035
10.957
10.592
10.385
10.643
10.585
10.301
10.269
10.38
10.759
11.377
11.824
12.063
12.327
12.651
12.834
12.791
12.446
11.951
11.383
11.048
10.814
10.58
10.354
10.279
10.271
10.169
9.996
9.817
9.675
9.525
9.681
9.923
10.188
10.394
10.616
10.818
10.998
11.154
11.177
11.075
10.884
10.608
10.273
9.904
9.544
9.21
8.882
8.623
8.557
8.543
8.527
8.5
8.54
8.583
8.642
8.688
8.749
8.839
8.943
9.048
9.248
9.618
9.895
10.06
10.135
10.17
10.195
10.194
10.095
9.989
9.703
9.325
9.239
9.166
9.143
9.205
9.196
9.237
9.319
9.456
9.569
9.716
9.885
9.998
10.003
10.139
10.268
10.326
10.345
10.308
10.256
10.228
10.168
10.109
10.071
9.929
9.799
9.738
9.744
9.745
9.688
9.647
9.931
10.355
10.709
11.396
12.063
12.453
12.7
12.874
13.019
13.169
13.261
13.146
12.981
12.783
12.351
11.756
11.214
10.814
10.67
10.569
10.424
10.303
10.196
10.074
10.161
10.284
10.317
10.36
10.436
10.796
11.191
11.34
11.275
11.024
10.757
10.571
10.433
10.308
10.202
10.098
9.993
9.891
9.812
9.712
9.622
9.552
9.503
9.543
9.578
9.607
9.665
9.742
9.813
9.939
10.112
10.315
10.49
10.496
10.539
10.535
10.431
10.325
10.13
9.874
9.625
9.427
9.312
9.257
9.238
9.217
9.204
9.218
9.329
9.448
9.564
9.714
9.861
9.998
10.085
10.117
10.149
10.126
10.076
9.988
9.753
9.442
9.161
9.064
9.046
8.948
8.852
8.765
8.702
8.654
8.692
8.823
9.087
9.348
9.54
9.692
9.849
9.977
10.167
10.455
10.744
10.897
10.91
10.78
10.712
10.733
10.859
10.919
10.788
10.169
9.782
9.688
9.568
9.385
9.361
9.302
9.331
9.522
9.698
9.811
9.932
10.006
10.121
10.194
10.229
10.254
10.158
10.005
9.932
9.882
9.785
9.632
9.413
9.187
9.041
8.832
8.563
8.337
8.163
8.176
8.253
8.356
8.536
8.728
8.893
9.081
9.275
9.402
9.522
9.661
9.767
9.887
10.039
10.173
10.231
10.282
10.257
10.093
10.06
10.114
10.166
10.136
10.038
9.882
9.843
9.94
10.338
10.827
11.193
11.35
11.35
11.429
11.566
11.699
11.792
11.742
11.55
11.267
10.991
10.709
10.412
10.178
10.036
9.957
9.93
9.861
9.824
9.845
10.179
10.555
10.872
11.272
11.681
11.831
11.872
11.811
11.721
11.773
11.913
11.971
11.908
11.779
11.574
11.236
10.874
10.55
10.348
10.192
10.044
9.915
9.812
9.81
10.242
10.525
10.763
10.982
11.361
11.817
12.062
12.284
12.43
12.514
12.534
12.565
12.563
12.535
12.514
12.436
12.02
11.472
11.097
10.731
10.374
10.065
10.213
10.346
10.565
10.807
11.075
11.427
11.926
12.348
12.403
12.063
11.531
11.257
11.387
11.391
11.483
11.392
11.08
11.018
11.092
11.06
10.803
10.599
10.626
10.585
10.52
10.502
10.648
10.809
10.964
11.115
11.318
11.614
12.055
12.446
12.624
12.683
12.575
12.482
12.444
12.295
12.158
11.959
11.676
11.481
11.416
11.342
11.208
10.932
10.69
10.603
10.839
11.067
11.483
11.976
12.317
12.605
12.808
12.95
13.044
13.1
13.066
12.92
12.795
12.644
12.478
12.266
11.921
11.504
11.208
10.939
10.775
10.63
10.504
10.411
10.549
10.738
10.993
11.193
11.299
11.366
11.507
11.759
11.985
12.183
12.279
12.285
12.212
11.984
11.627
11.341
11.084
10.818
10.592
10.43
10.294
10.142
10.009
9.929
9.918
10.015
10.175
10.431
10.663
10.872
10.987
11.045
11.077
11.128
11.159
11.197
11.241
11.293
11.321
11.286
11.099
10.727
10.482
10.309
10.174
10.091
10.041
10.07
10.343
10.627
10.885
11.402
11.962
12.392
12.765
13.076
13.201
13.024
12.721
12.523
12.418
12.368
12.264
12.056
11.668
11.218
10.998
10.833
10.695
10.685
10.718
10.764
10.848
10.998
11.187
11.489
11.798
12.084
12.327
12.494
12.616
12.717
12.796
12.861
12.903
12.889
12.76
12.453
12.098
11.8
11.636
11.517
11.409
11.369
11.295
11.357
11.533
11.732
11.934
12.092
12.4
12.673
12.588
12.415
12.359
12.359
12.395
12.378
12.215
11.891
11.631
11.517
11.454
11.37
11.253
11.227
11.163
11.094
11.016
10.96
10.989
11.061
11.174
11.274
11.378
11.491
11.678
11.844
11.954
12.001
11.927
11.719
11.448
11.188
10.911
10.666
10.459
10.267
10.203
10.222
10.235
10.21
10.119
10.167
10.561
10.874
11.127
11.333
11.621
11.812
11.979
12.246
12.385
12.436
12.438
12.454
12.404
12.284
12.079
11.84
11.615
11.416
11.308
11.228
11.155
11.073
11.011
11.0
11.231
11.411
11.568
11.717
11.865
12.007
12.128
12.202
12.256
12.283
12.285
12.237
12.152
12.05
11.912
11.757
11.571
11.35
11.246
11.297
11.137
10.954
10.852
10.801
11.034
11.236
11.61
12.078
12.492
12.844
13.229
13.591
13.888
14.259
14.705
15.231
15.724
15.742
15.022
14.05
13.114
12.461
12.198
12.022
11.936
12.029
12.293
12.735
13.468
14.079
14.442
14.766
15.091
15.068
15.018
15.011
15.058
15.094
15.108
14.922
14.717
14.663
14.533
14.114
13.443
12.797
12.573
12.371
12.235
12.107
11.937
11.83
12.066
12.102
12.464
13.204
13.946
14.425
14.51
14.236
14.057
14.029
13.971
13.844
13.6
13.353
13.067
12.785
12.545
12.363
12.28
12.262
12.255
12.227
12.105
11.806
11.584
11.624
11.71
11.652
11.325
10.932
10.924
11.192
11.146
10.979
10.743
10.648
10.502
10.467
10.436
10.395
10.277
10.266
10.264
10.252
10.195
10.083
9.813
9.787
10.063
10.363
10.692
11.09
11.305
11.43
11.669
11.853
11.934
11.904
11.824
11.701
11.557
11.43
11.281
11.145
10.907
10.613
10.506
10.447
10.415
10.355
10.313
10.365
10.849
11.363
11.633
11.812
11.936
12.033
12.134
12.244
12.211
11.947
11.768
11.763
11.86
12.019
12.022
11.914
11.733
11.582
11.512
11.456
11.381
11.318
11.284
11.328
11.444
11.605
11.725
11.819
11.908
11.934
11.942
11.984
12.049
12.085
12.065
12.153
12.211
12.22
12.185
12.063
11.898
11.72
11.613
11.516
11.413
11.307
11.254
11.197
11.23
11.343
11.582
11.944
12.292
12.424
12.462
12.477
12.497
12.621
12.718
12.618
12.442
12.255
11.736
11.292
10.985
10.78
10.728
10.716
10.748
10.789
10.794
10.798
10.948
11.141
11.335
11.506
11.639
11.737
11.747
11.756
11.766
11.753
11.631
11.288
10.855
10.383
9.96
9.615
9.444
9.384
9.47
9.532
9.582
9.671
9.847
9.99
10.122
10.271
10.391
10.375
10.402
10.523
10.779
11.241
11.545
11.677
11.763
11.763
11.717
11.623
11.486
11.335
11.185
11.168
11.182
11.156
11.11
11.052
10.988
10.975
11.073
11.173
11.294
11.504
11.753
11.987
12.154
12.302
12.469
12.801
13.224
13.498
13.573
13.391
13.127
12.811
12.267
11.757
11.46
11.266
11.139
11.044
10.973
10.978
11.11
11.244
11.385
11.514
11.649
11.82
11.964
12.107
12.236
12.356
12.394
12.341
12.268
12.181
12.09
12.025
11.976
11.91
11.889
11.873
11.861
11.858
11.826
11.843
11.984
12.193
12.397
12.688
13.141
13.651
14.044
14.211
14.196
14.207
14.181
14.068
13.893
13.716
13.468
13.117
12.799
12.554
12.42
12.323
12.248
12.191
12.151
12.149
12.181
12.244
12.336
12.434
12.53
12.601
12.655
12.69
12.761
12.757
12.699
12.62
12.51
12.401
12.286
12.141
12.012
11.936
11.89
11.876
11.867
11.849
11.811
11.767
11.782
11.86
11.948
12.132
12.346
12.556
12.733
12.863
13.012
13.048
12.976
12.851
12.708
12.515
12.245
11.967
11.752
11.582
11.46
11.363
11.308
11.27
11.295
11.411
11.583
11.735
11.928
12.184
12.438
12.67
12.8
12.867
12.886
12.978
13.074
13.032
12.933
12.756
12.503
12.297
12.16
12.099
12.067
12.063
12.044
12.055
12.036
12.027
12.047
12.095
12.15
12.276
12.424
12.551
12.619
12.55
12.402
12.269
12.161
12.149
12.184
12.169
12.108
12.038
11.951
11.867
11.853
11.85
11.833
11.818
11.81
11.798
11.938
12.095
12.355
12.658
13.016
13.366
13.705
13.99
14.348
14.63
14.862
15.141
15.459
15.66
15.681
15.454
14.906
14.23
13.729
13.392
13.127
12.938
12.816
12.725
12.668
12.62
12.601
12.644
12.775
13.054
13.467
14.139
15.155
15.917
16.208
16.202
15.96
15.637
15.506
15.339
14.714
13.943
13.487
13.196
12.976
12.919
12.876
12.867
12.987
13.19
13.454
13.766
14.045
14.224
14.388
14.458
14.397
14.279
14.212
14.28
14.364
14.389
14.342
14.157
14.014
13.662
13.203
12.77
12.457
12.212
12.012
11.885
12.063
12.397
12.616
13.023
13.367
13.755
14.206
14.612
14.78
14.73
14.411
14.043
13.849
13.849
13.913
13.839
13.467
13.213
13.034
12.814
12.622
12.45
12.305
12.234
12.494
12.889
13.327
13.836
14.352
14.83
15.096
15.293
15.382
15.414
15.421
15.455
15.468
15.397
15.161
14.665
14.161
13.822
13.557
13.399
13.231
13.132
13.045
12.91
12.847
12.889
12.942
13.002
13.197
13.596
13.901
14.052
14.057
13.999
13.887
13.785
13.658
13.513
13.415
13.279
13.085
12.908
12.825
12.744
12.697
12.613
12.525
12.422
12.63
12.991
13.272
13.801
14.271
14.652
15.007
15.28
15.502
15.65
15.663
15.41
14.959
14.631
14.332
14.062
13.895
13.816
14.165
14.216
14.149
14.029
13.815
13.739
13.852
13.95
14.005
14.318
14.622
14.724
14.89
15.075
15.281
15.468
15.574
15.773
16.041
16.171
16.189
15.881
15.48
15.338
15.345
15.33
15.457
15.332
15.06
14.933
15.006
15.241
15.581
15.999
16.445
16.835
17.322
17.777
18.083
18.313
18.482
18.603
18.662
18.688
18.671
18.392
17.819
17.102
16.353
15.806
15.425
15.139
14.871
14.57
14.46
14.562
14.773
14.775
14.672
14.659
14.757
15.027
15.692
17.259
17.984
17.797
17.479
17.026
16.553
16.255
15.932
15.756
15.683
15.618
15.247
14.817
14.528
14.442
14.624
14.986
15.183
15.299
15.566
16.283
16.696
16.785
16.991
17.053
16.947
16.817
16.503
16.135
15.89
15.722
15.753
16.476
16.112
15.497
15.169
14.938
14.918
15.151
14.942
14.996
15.198
15.438
15.687
15.918
16.217
16.739
17.368
17.851
18.065
17.993
17.622
17.14
16.73
16.305
15.848
15.516
15.442
15.387
15.248
15.081
14.913
14.77
14.736
14.774
14.868
15.088
15.422
15.75
15.996
16.211
16.406
16.506
16.472
16.354
16.161
15.972
15.785
15.531
15.22
14.936
14.696
14.574
14.523
14.482
14.55
14.605
14.648
14.87
15.16
15.433
15.709
15.926
16.064
16.113
16.129
16.139
16.107
16.019
15.87
15.685
15.499
15.351
15.242
15.145
14.985
14.794
14.659
14.604
14.561
14.539
14.578
14.67
14.735
14.807
14.923
15.258
15.649
15.903
16.163
16.356
16.413
16.35
16.223
16.007
15.649
15.186
14.883
14.699
14.589
14.489
14.415
14.346
14.29
14.241
14.353
14.75
14.913
15.141
15.471
15.725
15.9
16.085
16.243
16.372
16.445
16.447
16.438
16.4
16.257
15.968
15.631
15.417
15.207
14.956
14.727
14.646
14.717
14.811
14.857
15.041
15.253
15.701
16.222
16.778
17.275
17.672
17.997
18.124
18.099
17.914
17.562
17.109
16.555
15.921
15.312
14.939
14.759
14.658
14.573
14.497
14.429
14.374
14.404
14.543
14.684
14.938
15.067
15.175
15.272
15.338
15.334
15.302
15.261
15.252
15.232
15.135
14.973
14.715
14.337
14.104
13.899
13.734
13.619
13.544
13.48
13.418
13.467
13.949
14.206
14.417
14.587
14.769
14.967
15.158
15.303
15.39
15.416
15.358
15.201
14.975
14.717
14.45
14.085
13.867
13.718
13.648
13.597
13.531
13.457
13.374
13.379
13.783
14.007
14.196
14.402
14.627
14.819
14.967
15.095
15.177
15.188
15.14
15.04
14.896
14.698
14.399
13.953
13.696
13.491
13.288
13.099
12.923
12.785
12.76
12.845
13.151
13.366
13.533
13.759
13.993
14.193
14.326
14.37
14.355
14.323
14.291
14.258
14.224
14.181
14.058
13.866
13.779
13.671
13.587
13.638
13.725
13.764
13.815
13.87
13.951
14.02
14.159
14.391
14.69
15.037
15.561
16.066
16.309
16.416
16.442
16.368
16.147
15.73
15.224
14.801
14.623
14.466
14.295
14.143
14.002
13.902
13.813
13.816
14.273
14.537
14.831
15.17
15.495
15.801
16.024
16.127
16.121
16.039
15.859
15.627
15.37
15.045
14.679
14.299
14.086
13.966
13.846
13.745
13.644
13.606
13.654
13.716
13.931
14.027
14.084
14.146
14.289
14.375
14.426
14.45
14.454
14.444
14.415
14.339
14.231
14.108
13.95
13.801
13.634
13.513
13.456
13.401
13.348
13.296
13.253
13.197
13.258
13.394
13.575
13.752
13.877
13.882
13.773
13.672
13.632
13.563
13.434
13.282
13.13
12.937
12.692
12.345
12.128
12.01
11.972
12.005
12.022
12.069
12.131
12.232
12.733
13.111
13.372
13.535
13.545
13.546
13.543
13.558
13.608
13.597
13.524
13.46
13.369
13.24
13.194
13.181
13.211
13.285
13.389
13.494
13.537
13.56
13.544
13.52
13.765
13.97
14.173
14.547
14.993
15.387
15.6
15.657
15.607
15.497
15.339
15.135
14.877
14.564
14.238
13.8
13.334
13.04
12.853
12.745
12.65
12.564
12.478
12.371
12.324
12.342
12.41
12.486
12.55
12.558
12.567
12.592
12.617
12.584
12.467
12.309
12.137
11.963
11.706
11.433
11.203
11.165
11.177
11.125
11.121
11.083
10.954
10.917
11.139
11.386
11.523
11.693
11.835
11.893
12.039
12.284
12.577
12.712
12.886
13.116
13.318
13.386
13.229
13.092
13.019
12.726
12.467
12.11
11.728
11.468
11.414
11.401
11.785
12.257
12.496
12.657
12.861
12.962
13.07
13.225
13.363
13.415
13.442
13.427
13.127
12.736
12.263
11.919
11.828
11.822
11.807
11.767
11.741
11.719
11.769
11.839
12.135
12.606
12.971
13.273
13.466
13.642
13.843
13.976
13.99
14.065
14.122
14.039
13.809
13.467
13.195
13.125
13.17
13.243
13.351
13.435
13.474
13.434
13.371
13.329
13.463
13.728
13.889
13.881
13.679
13.401
13.285
13.278
13.278
13.209
13.157
13.159
13.088
12.998
12.687
12.575
12.537
12.469
12.586
12.715
12.864
12.985
13.049
13.07
13.173
13.411
13.754
13.993
14.134
14.492
14.691
14.687
14.772
15.305
15.829
15.924
15.726
15.341
14.718
14.299
14.07
13.844
13.668
13.526
13.437
13.307
13.202
13.074
13.223
13.463
13.637
13.782
13.823
13.914
14.184
14.704
14.972
15.079
15.081
15.029
14.88
14.564
14.167
13.839
13.647
13.401
13.201
13.067
12.997
12.92
12.979
13.086
13.173
13.376
13.787
14.324
14.679
14.907
15.065
15.113
15.113
15.106
15.033
14.829
14.433
13.826
13.267
13.047
12.997
13.003
12.97
13.021
13.069
13.075
13.04
13.001
12.991
13.103
13.337
13.604
13.832
14.128
14.261
14.197
13.95
13.735
13.585
13.404
13.273
13.112
12.898
12.721
12.576
12.453
12.243
12.174
12.092
11.967
11.746
11.762
11.869
12.147
12.364
12.552
12.687
12.768
12.944
13.092
13.147
13.169
13.211
13.214
13.182
13.145
13.009
12.771
12.572
12.557
12.466
12.279
12.116
12.124
12.303
12.46
12.608
12.863
13.196
13.769
14.326
14.704
14.922
14.962
14.881
14.718
14.57
14.411
13.979
13.583
13.365
13.44
13.469
13.041
12.506
12.085
11.843
11.783
11.774
11.795
12.09
12.595
12.931
13.207
13.63
14.114
14.486
14.652
14.686
14.724
14.797
14.82
14.729
14.328
13.88
13.616
13.541
13.463
13.375
13.401
13.415
13.34
13.209
12.979
12.93
13.197
13.332
13.736
14.485
14.998
15.185
15.244
15.532
15.616
15.498
15.316
15.118
14.871
14.66
14.609
14.473
14.325
14.333
14.356
14.372
14.288
14.313
14.428
14.512
14.596
14.629
14.739
14.907
15.111
15.483
15.866
16.184
16.474
16.68
16.711
16.394
15.961
15.415
15.028
14.869
14.723
14.537
14.329
14.127
13.918
13.666
13.546
13.558
13.812
14.018
14.364
14.657
14.925
15.194
15.49
15.803
16.132
16.43
16.47
16.333
16.003
15.657
15.532
15.593
15.492
15.206
14.754
14.208
13.689
13.503
13.314
13.298
13.779
14.144
14.555
14.814
15.054
15.378
15.743
16.086
16.365
16.534
16.536
16.358
15.931
15.286
14.879
14.613
14.483
14.297
13.971
13.64
13.375
13.247
13.256
13.343
13.594
13.723
14.023
14.743
15.494
16.026
16.375
16.587
16.654
16.553
16.23
15.663
15.068
14.659
14.3
13.956
13.843
13.845
13.879
13.923
13.972
13.955
13.911
13.899
14.053
14.237
14.453
14.858
15.506
15.887
15.836
15.24
14.443
13.635
13.136
12.961
12.888
12.784
12.642
12.409
12.141
12.016
12.07
11.939
11.93
12.084
12.159
12.248
12.786
13.195
13.634
13.94
14.134
14.301
14.401
14.559
14.915
15.165
15.124
14.975
14.733
14.311
13.949
13.741
13.603
13.45
13.326
13.279
13.222
13.172
13.348
13.429
13.54
13.713
13.942
14.135
14.292
14.363
14.381
14.329
14.257
14.166
14.003
13.758
13.391
12.837
12.582
12.426
12.4
12.513
12.57
12.263
11.879
11.719
11.682
11.661
11.672
11.718
11.811
11.886
11.937
11.974
11.847
11.624
11.439
11.383
11.4
11.428
11.466
11.521
11.665
11.779
11.907
12.006
12.071
12.052
11.95
11.753
11.524
11.405
11.512
11.687
11.785
11.814
11.827
11.844
11.895
11.93
11.941
11.937
11.912
11.901
11.861
11.801
11.717
11.559
11.328
11.214
11.168
11.114
11.068
11.162
11.352
11.459
11.738
11.983
12.245
12.113
11.865
11.733
11.967
12.368
12.798
13.194
13.553
13.455
12.905
12.274
12.075
11.936
11.727
11.569
11.445
11.377
11.417
11.521
11.613
11.656
11.768
12.103
12.311
12.442
12.595
12.67
12.629
12.581
12.569
12.614
12.717
12.818
13.139
13.53
13.787
13.3
12.71
12.316
11.964
11.623
11.312
11.146
11.09
11.086
11.589
12.084
12.463
12.754
12.79
12.724
12.642
12.529
12.182
11.254
10.436
10.242
10.287
10.136
9.941
9.998
10.255
10.519
10.677
10.68
10.76
10.831
10.876
10.941
11.23
11.497
11.553
11.625
11.841
11.997
12.119
12.216
12.484
12.872
13.161
13.145
13.028
12.839
12.223
11.549
11.355
11.479
11.905
12.447
12.66
12.53
12.322
12.126
12.139
12.316
12.492
12.652
12.809
12.872
12.786
12.634
12.485
12.27
11.939
11.668
11.463
11.341
11.262
11.004
10.865
10.887
10.844
10.736
10.608
10.487
10.375
10.25
10.424
10.626
10.739
10.847
10.86
10.938
10.88
10.859
10.825
10.762
10.726
10.634
10.4
10.273
10.33
10.382
10.442
10.447
10.388
10.325
10.316
10.369
10.428
10.46
10.954
11.636
11.992
12.383
12.8
13.202
13.484
13.666
13.754
13.769
13.718
13.489
13.067
12.654
12.41
12.293
12.228
12.177
12.136
12.128
12.121
12.105
12.089
12.064
12.115
12.278
12.421
12.582
12.78
12.994
13.177
13.323
13.491
13.65
13.697
13.502
13.121
12.845
12.698
12.546
12.384
12.263
12.113
11.97
11.827
11.696
11.579
11.531
11.795
12.301
12.558
12.733
12.853
12.961
12.997
13.11
13.105
13.067
13.068
12.99
12.992
12.752
12.227
12.184
12.824
13.389
13.725
13.798
13.542
12.982
12.666
12.618
12.838
13.19
13.454
13.644
13.778
13.792
13.674
13.62
13.577
13.491
13.4
13.206
12.962
12.859
12.758
12.715
12.688
12.568
12.365
12.121
11.964
11.917
11.816
11.839
12.154
12.459
12.68
12.97
13.21
13.294
13.266
13.135
13.032
12.961
12.849
12.656
12.345
12.151
12.076
12.001
11.91
11.851
11.826
11.775
11.781
11.806
11.862
11.936
12.076
12.359
12.643
12.875
13.004
13.012
13.268
13.422
13.389
13.186
13.023
12.806
12.454
12.309
12.203
12.255
12.275
12.263
12.247
12.218
12.109
11.869
11.739
11.792
11.939
12.061
12.236
12.838
13.521
14.375
14.948
15.296
15.309
14.872
13.743
12.982
12.724
12.556
12.421
12.176
11.849
11.558
11.247
10.904
10.734
10.685
10.773
10.863
11.003
11.19
11.422
11.695
11.78
11.788
11.748
11.668
11.589
11.42
11.258
11.058
10.919
10.914
11.048
11.088
11.023
11.069
11.278
11.353
11.359
11.369
11.367
11.336
11.396
11.602
11.762
11.854
11.988
12.171
12.272
12.176
11.788
11.341
11.076
10.885
10.6
10.361
10.231
10.104
10.0
10.073
10.222
10.286
10.353
10.511
10.453
10.506
10.583
10.73
10.914
11.009
11.08
11.065
11.035
10.978
10.895
10.781
10.615
10.332
9.881
9.639
9.518
9.438
9.411
9.42
9.437
9.46
9.471
9.49
9.466
9.429
9.414
9.61
9.92
10.172
10.464
10.555
10.683
10.827
10.857
10.859
10.958
10.879
10.681
10.677
10.681
10.691
10.788
10.925
11.14
11.435
11.833
12.193
12.39
12.499
12.603
12.921
13.103
13.311
13.581
13.586
13.498
13.407
13.327
13.214
13.084
12.911
12.538
12.32
12.178
12.087
12.004
11.897
11.788
11.66
11.528
11.382
11.241
11.14
11.227
11.859
12.351
12.863
13.479
14.049
14.562
14.92
15.017
14.97
14.689
14.002
13.131
12.773
12.688
12.739
12.827
12.866
12.749
12.556
12.374
12.26
12.19
12.129
12.245
12.851
13.239
13.632
13.983
14.222
14.431
14.502
14.429
14.115
13.735
13.404
13.099
12.975
12.878
12.709
12.606
12.52
12.432
12.35
12.292
12.247
12.219
12.216
12.361
12.871
13.212
13.501
13.789
14.01
14.163
14.123
13.859
13.597
13.442
13.303
13.161
13.054
12.933
12.783
12.658
12.537
12.444
12.373
12.339
12.385
12.517
12.645
12.918
13.229
13.361
13.544
13.846
14.058
14.294
14.381
14.32
14.13
13.794
13.463
13.087
12.893
12.789
12.71
12.629
12.51
12.411
12.342
12.328
12.387
12.428
12.497
12.627
12.902
13.152
13.29
13.379
13.482
13.662
13.813
13.852
13.73
13.565
13.37
13.262
13.19
13.188
13.232
13.211
13.139
13.058
12.99
12.881
12.862
12.935
12.993
13.054
13.145
13.275
13.394
13.57
13.671
13.694
13.677
13.673
13.656
13.548
13.459
13.362
13.351
13.347
13.245
13.199
13.218
13.195
13.143
13.208
13.231
13.232
13.199
13.251
13.289
13.329
13.401
13.508
13.638
13.676
13.709
13.665
13.534
13.441
13.257
12.91
12.764
12.674
12.646
12.634
12.531
12.392
12.284
12.128
11.915
11.718
11.623
11.632
12.113
12.583
12.805
12.984
13.143
13.315
13.44
13.489
13.478
13.394
13.121
12.856
12.744
12.656
12.55
12.417
12.246
12.101
11.993
11.777
11.655
11.588
11.559
11.623
11.886
12.227
12.423
12.704
12.965
13.102
13.206
13.25
13.196
13.061
12.737
12.483
12.47
12.453
12.417
12.35
12.243
12.164
12.084
11.991
11.909
11.846
11.816
11.839
12.132
12.386
12.511
12.615
12.669
12.66
12.589
12.449
12.27
11.944
11.47
11.06
10.887
10.681
10.623
10.778
10.827
10.784
10.611
10.28
9.917
9.492
9.283
9.175
9.386
9.545
9.646
9.798
9.904
9.924
9.913
9.855
9.689
9.482
9.059
8.689
8.569
8.448
8.33
8.285
8.294
8.348
8.406
8.481
8.583
8.64
8.642
8.593
8.96
9.346
9.368
9.309
9.361
9.393
9.467
9.437
9.332
9.21
9.033
8.96
8.993
9.049
9.174
9.362
9.519
9.62
9.66
9.706
9.796
9.924
10.076
10.168
10.329
10.552
10.73
10.863
10.949
10.96
11.017
10.985
10.87
10.7
10.414
10.217
10.237
10.224
10.259
10.228
10.151
10.136
10.135
10.097
10.122
10.169
10.179
10.14
10.26
10.517
10.701
10.866
10.982
10.991
10.91
10.815
10.76
10.712
10.615
10.56
10.562
10.56
10.496
10.39
10.256
10.107
10.006
9.93
9.814
9.66
9.59
9.47
9.774
10.289
10.578
10.774
10.942
11.064
11.139
11.148
11.045
10.828
10.412
10.122
10.04
9.995
9.959
9.879
9.77
9.714
9.761
9.968
10.183
10.423
10.658
10.925
11.274
11.503
11.619
11.742
11.865
11.885
11.892
11.796
11.617
11.467
11.363
11.302
11.303
11.33
11.351
11.442
11.514
11.555
11.593
11.626
11.65
11.662
11.625
11.68
11.792
11.925
11.994
12.038
12.048
12.054
12.049
12.0
11.933
11.862
11.689
11.577
11.517
11.413
11.344
11.319
11.373
11.509
11.539
11.577
11.663
11.713
11.761
11.728
11.673
11.708
11.642
11.556
11.465
11.732
12.269
12.836
13.108
13.024
12.612
12.263
12.075
11.835
11.64
11.492
11.318
11.23
11.173
11.12
11.083
11.036
10.994
10.98
11.207
11.656
11.941
11.854
11.451
11.253
11.411
11.794
12.131
12.155
11.882
11.655
11.478
11.211
10.985
10.871
10.788
10.804
10.828
10.85
10.954
11.09
11.11
11.072
11.112
11.245
11.348
11.375
11.442
11.625
11.847
11.95
11.935
11.814
11.559
11.431
11.514
11.722
11.795
11.77
11.666
11.548
11.392
11.259
11.177
11.043
10.761
10.711
10.757
10.823
10.882
10.989
11.077
11.122
11.102
11.071
10.968
10.742
10.48
10.606
10.797
10.817
10.657
10.426
10.277
10.206
10.239
10.38
10.49
10.45
10.398
10.38
10.54
11.048
11.348
11.64
11.854
11.961
11.973
11.889
11.742
11.468
11.065
10.958
10.971
10.93
10.83
10.864
10.895
10.821
10.576
10.413
10.393
10.448
10.518
10.544
10.619
10.819
11.067
11.273
11.312
11.307
11.294
11.266
11.23
11.164
11.09
11.104
11.124
11.174
11.134
10.982
10.813
10.613
10.43
10.245
10.201
10.244
10.292
10.312
10.345
10.592
10.913
11.033
11.122
11.142
11.168
11.193
11.203
11.075
10.952
10.995
11.023
11.032
10.957
10.903
10.857
10.864
10.868
10.861
10.919
10.982
11.006
10.983
10.97
11.017
11.28
11.448
11.492
11.431
11.306
11.188
11.037
10.856
10.774
10.817
10.879
10.898
10.834
10.708
10.606
10.564
10.512
10.409
10.288
10.236
10.191
10.17
10.278
10.951
11.509
11.796
11.996
12.054
11.906
11.638
11.423
11.208
10.997
10.971
11.027
11.011
10.948
10.862
10.795
10.734
10.681
10.668
10.574
10.469
10.348
10.29
10.452
11.003
11.541
11.893
12.149
12.306
12.377
12.211
11.864
11.548
11.346
11.211
11.029
10.854
10.71
10.547
10.417
10.314
10.166
9.987
9.864
9.816
9.785
9.8
9.899
10.277
10.967
11.395
11.746
12.049
12.256
12.32
12.149
11.529
10.896
10.712
10.635
10.639
10.651
10.601
10.536
10.466
10.421
10.385
10.38
10.388
10.384
10.367
10.423
10.936
11.515
11.72
11.759
11.744
11.701
11.629
11.474
11.171
10.915
10.871
10.891
10.827
10.633
10.463
10.332
10.174
10.007
9.833
9.725
9.679
9.637
9.605
9.689
10.254
10.644
10.801
10.851
10.916
10.926
10.795
10.582
10.416
10.271
10.014
9.762
9.598
9.411
9.233
9.192
9.113
9.122
9.023
8.991
8.954
8.936
8.894
8.837
8.997
9.183
9.337
9.416
9.454
9.463
9.427
9.295
8.959
8.753
8.595
8.423
8.251
8.12
8.026
8.021
8.011
7.997
8.06
8.097
8.068
8.046
8.085
8.103
8.268
8.42
8.511
8.791
9.139
9.453
9.783
10.072
10.12
10.08
10.107
10.126
10.186
10.294
10.47
10.608
10.728
10.924
11.193
11.407
11.474
11.556
11.625
11.722
11.849
11.967
12.077
12.183
12.291
12.325
12.312
12.346
12.32
12.207
12.113
12.054
11.984
11.904
11.746
11.575
11.437
11.334
11.256
11.258
11.267
11.229
11.175
11.14
11.233
11.423
11.593
11.73
11.922
12.036
11.958
11.794
11.728
11.734
11.77
11.828
11.83
11.735
11.64
11.477
11.345
11.296
11.225
11.266
11.365
11.334
11.167
10.923
11.077
11.33
11.609
11.793
11.809
11.373
10.459
9.575
9.025
8.696
8.493
8.271
8.193
8.152
8.084
7.923
7.62
7.321
7.108
6.98
6.92
6.917
6.904
7.002
7.203
7.402
7.879
8.305
8.583
8.626
8.616
8.499
8.391
8.271
8.134
8.013
8.028
8.033
8.013
8.03
8.03
8.024
8.188
8.481
8.702
8.752
8.787
8.779
8.967
9.268
9.453
9.496
9.488
9.439
9.342
9.19
8.939
8.801
8.784
8.747
8.781
8.974
9.339
9.456
9.441
9.364
9.206
9.159
9.302
9.456
9.595
9.621
9.636
9.59
9.504
9.365
9.215
9.047
8.883
8.7
8.498
8.378
8.301
8.241
8.175
7.866
7.726
7.695
7.724
7.73
7.704
7.857
7.983
8.041
8.114
8.225
8.496
8.751
8.853
8.896
8.892
8.845
8.778
8.656
8.352
8.304
8.204
8.154
8.036
8.131
7.983
8.092
8.068
8.013
7.999
7.98
7.999
8.033
8.072
8.129
8.328
8.787
9.172
9.234
9.21
9.133
9.05
8.846
8.478
8.281
8.145
8.001
7.881
7.816
7.772
7.742
7.753
7.765
7.772
7.868
7.984
8.068
8.137
8.194
8.303
8.468
8.755
8.887
8.912
8.87
8.788
8.578
8.242
8.107
8.058
8.004
7.948
7.944
7.999
8.079
8.114
8.124
8.127
8.152
8.174
8.198
8.241
8.225
8.358
8.805
9.265
9.484
9.586
9.636
9.606
9.452
9.118
9.084
9.165
9.218
9.253
9.156
8.994
8.775
8.599
8.469
8.366
8.336
8.389
8.548
8.752
8.934
9.161
9.394
9.604
9.771
9.865
9.912
9.938
9.952
9.957
9.928
9.868
9.73
9.567
9.472
9.42
9.326
9.192
9.116
9.16
9.232
9.371
9.466
9.324
9.008
8.892
8.786
8.563
8.418
8.349
8.3
8.457
8.822
9.004
9.056
9.121
9.319
9.531
9.618
9.633
9.606
9.513
9.436
9.371
9.245
9.159
9.189
9.205
9.226
9.25
9.341
9.439
9.491
9.477
9.477
9.486
9.485
9.492
9.536
9.555
9.539
9.513
9.456
9.442
9.451
9.46
9.447
9.418
9.382
9.287
9.177
9.144
9.185
9.272
9.341
9.391
9.396
9.395
9.331
9.197
8.975
8.682
8.648
8.588
8.407
8.252
8.095
7.978
7.886
7.898
7.912
7.884
8.038
8.022
7.972
7.912
8.004
7.923
8.073
8.131
8.069
8.024
7.943
7.748
7.424
7.089
7.024
6.989
6.814
6.722
6.604
6.372
6.286
6.112
6.018
5.934
5.887
5.81
5.781
5.638
5.612
5.602
5.766
5.887
5.783
5.606
5.54
5.424
5.25
5.213
5.335
5.43
5.516
5.579
5.58
5.629
5.789
5.997
6.161
6.262
6.359
6.494
6.665
6.795
6.938
7.16
7.601
7.941
8.069
8.002
7.851
7.608
7.227
6.796
6.549
6.368
6.201
6.066
5.92
5.796
5.715
5.677
5.696
5.757
5.832
5.946
5.994
6.014
6.011
6.084
6.479
6.894
7.188
7.271
7.218
6.98
6.593
6.318
6.221
6.139
6.076
6.034
6.007
5.984
6.009
6.028
5.966
5.967
5.962
5.97
5.999
6.002
6.034
6.122
6.399
6.741
6.986
7.085
7.092
6.99
6.783
6.57
6.496
6.421
6.298
6.113
5.946
5.825
5.771
5.763
5.788
5.826
5.891
5.997
6.107
6.227
6.34
6.475
6.798
7.196
7.444
7.443
7.215
6.955
6.571
6.322
6.282
6.329
6.267
6.363
6.462
6.604
6.674
6.65
6.535
6.335
6.206
6.227
6.312
6.426
6.542
6.632
6.685
6.789
6.979
7.152
7.233
7.249
7.237
7.276
7.28
7.287
7.297
7.298
7.336
7.466
7.751
8.08
8.175
7.91
7.6
7.4
7.205
7.036
6.937
6.86
6.875
6.895
6.804
6.621
6.453
6.381
6.326
6.214
6.18
6.096
5.902
5.921
5.747
5.532
5.388
5.242
5.184
5.228
5.312
5.355
5.393
5.43
5.496
5.554
5.711
5.887
6.164
6.33
6.216
6.006
5.776
5.746
5.845
5.864
6.091
6.298
6.418
6.418
6.334
6.205
6.059
5.908
5.847
5.869
5.916
5.944
6.024
6.193
6.557
6.91
7.075
7.131
7.086
6.92
6.737
6.682
6.747
6.807
6.858
6.866
6.829
6.751
6.709
6.683
6.711
6.767
6.822
7.044
7.111
7.199
7.233
7.347
7.634
7.948
8.188
8.255
8.145
7.864
7.52
7.287
7.106
6.915
6.804
6.757
6.733
6.821
6.955
6.995
6.941
6.847
6.781
6.78
6.791
6.783
6.772
6.769
6.808
6.912
7.075
7.194
7.189
7.117
7.038
7.045
7.107
7.138
7.185
7.225
7.223
7.209
7.188
7.172
7.143
7.104
7.073
7.024
6.926
6.879
6.849
6.806
6.845
6.929
7.073
7.309
7.439
7.3
6.983
6.76
6.642
6.539
6.44
6.45
6.379
6.184
6.13
5.974
5.881
5.835
5.847
5.881
5.907
5.932
5.951
5.949
6.112
6.412
6.711
6.831
6.75
6.451
6.089
5.939
5.904
5.886
5.877
5.848
5.82
5.825
5.84
5.837
5.819
5.804
5.812
5.817
5.804
5.778
5.757
5.743
5.799
5.953
6.175
6.368
6.455
6.475
6.448
6.425
6.445
6.52
6.607
6.749
6.938
7.158
7.341
7.416
7.595
7.725
7.816
7.925
8.001
8.069
8.232
8.453
8.695
8.89
9.039
9.144
9.185
9.188
9.075
9.058
9.045
8.959
8.884
8.853
8.839
8.836
8.81
8.796
8.853
8.899
8.835
8.833
8.74
8.722
8.723
8.681
8.747
8.878
8.961
8.976
8.941
8.856
8.716
8.547
8.417
8.41
8.462
8.462
8.43
8.405
8.428
8.407
8.292
8.063
7.952
7.947
8.111
8.343
8.528
8.651
8.906
9.257
9.538
9.664
9.634
9.468
9.288
9.173
9.107
9.065
8.998
8.95
8.883
8.791
8.723
8.64
8.546
8.457
8.39
8.352
8.305
8.273
8.296
8.397
8.648
8.929
9.104
9.216
9.226
9.146
9.095
9.109
9.13
9.166
9.276
9.302
9.321
9.242
9.163
9.134
9.063
9.021
9.058
9.107
9.1
9.023
9.009
9.184
9.361
9.483
9.563
9.572
9.573
9.552
9.441
9.392
9.381
9.348
9.221
9.168
9.145
9.112
9.053
9.027
9.069
9.084
9.087
9.136
9.086
8.975
8.981
8.998
9.096
9.315
9.488
9.55
9.547
9.473
9.411
9.515
9.517
9.324
9.184
9.074
9.204
9.278
9.288
9.237
9.153
9.111
9.143
9.113
9.083
9.058
9.091
9.124
9.207
9.307
9.362
9.382
9.372
9.326
9.193
9.032
8.894
8.838
8.841
8.845
8.822
8.769
8.671
8.56
8.49
8.471
8.492
8.508
8.531
8.566
8.584
8.557
8.461
8.363
8.284
8.249
8.143
8.035
7.971
7.869
7.778
7.7
7.54
7.348
7.221
7.172
7.169
7.131
6.918
6.721
6.683
6.736
6.636
6.594
6.525
6.503
6.567
6.681
6.742
6.782
6.756
6.663
6.497
6.302
6.156
6.021
5.863
5.766
5.683
5.61
5.488
5.304
5.262
5.158
5.187
5.26
5.328
5.379
5.491
5.645
5.732
5.959
6.03
6.016
5.863
5.582
5.482
5.5
5.554
5.633
5.768
5.819
5.874
5.853
5.74
5.665
5.652
5.702
5.65
5.877
5.914
6.018
6.173
6.34
6.498
6.66
6.786
6.874
6.889
6.814
6.692
6.667
6.668
6.671
6.716
6.813
6.933
6.963
6.939
6.9
6.778
6.538
6.607
6.738
6.855
7.054
7.142
7.231
7.304
7.579
7.831
8.002
8.119
8.201
8.176
8.165
8.052
7.93
7.718
7.526
7.422
7.414
7.523
7.687
7.825
7.953
8.09
8.156
8.158
8.118
8.049
7.998
7.852
7.683
7.634
7.624
7.782
8.262
8.764
9.118
9.369
9.594
9.784
9.895
9.951
9.983
9.956
9.849
9.568
9.297
9.167
9.151
9.164
9.206
9.243
9.236
9.202
9.326
9.483
9.557
9.546
9.409
9.164
8.991
8.862
8.628
8.186
7.788
7.469
7.257
7.135
7.099
7.172
7.301
7.384
7.493
7.777
8.121
8.368
8.515
8.602
8.661
8.787
9.069
9.15
8.97
8.555
8.229
8.092
7.86
7.68
7.659
7.668
7.656
7.749
7.768
7.787
7.739
7.835
8.052
8.374
8.567
8.776
8.838
8.693
8.513
8.453
8.433
8.375
8.12
7.77
7.479
7.351
7.392
7.532
7.656
7.742
7.803
7.877
7.864
7.817
7.875
8.138
8.463
8.657
8.573
8.267
7.927
7.63
7.538
7.54
7.543
7.534
7.442
7.43
7.427
7.374
7.329
7.294
7.201
7.103
7.082
7.093
6.941
6.733
6.579
6.428
6.32
6.313
6.292
6.188
6.221
6.253
6.24
6.131
6.015
6.251
6.453
6.472
6.66
7.144
7.753
8.997
10.15
10.522
10.418
10.242
10.056
10.119
9.563
7.468
7.49
7.568
7.373
7.198
7.007
6.703
6.257
6.329
6.749
7.087
7.066
6.957
7.045
7.492
7.944
7.846
7.26
6.659
6.639
6.979
6.832
6.5
6.327
6.184
5.963
5.623
5.464
5.427
5.442
5.377
5.337
5.3
5.263
5.138
4.836
4.652
4.768
4.923
5.04
5.254
5.739
6.07
6.363
6.441
6.63
6.989
7.06
7.108
7.045
6.886
7.762
8.228
8.239
7.876
7.877
8.524
9.355
10.416
10.8
9.069
7.229
6.939
6.776
6.708
6.736
6.734
6.927
7.161
7.063
6.869
6.813
6.642
6.357
6.092
5.807
5.722
5.769
5.677
5.615
5.733
5.901
5.988
5.943
5.891
5.912
6.031
6.201
6.212
6.374
6.378
6.332
6.243
6.071
5.998
5.964
5.971
6.031
6.008
6.028
6.118
6.183
6.208
6.35
6.534
6.605
6.461
6.19
6.051
5.909
5.716
5.611
5.581
5.609
5.65
5.886
6.182
6.277
6.298
6.251
6.411
6.579
6.693
6.771
6.817
6.826
6.773
6.672
6.561
6.495
6.472
6.451
6.449
6.487
6.547
6.574
6.506
6.472
6.391
6.317
6.301
6.328
6.401
6.474
6.566
6.658
6.789
6.899
6.844
7.001
7.122
7.107
7.019
6.883
6.709
6.508
6.268
6.083
5.925
5.78
5.636
5.504
5.407
5.303
5.221
5.176
5.132
5.07
4.982
5.059
5.197
5.413
5.531
5.65
5.73
5.863
6.051
6.165
6.009
5.863
5.814
5.885
5.916
5.895
5.84
5.785
5.677
5.517
5.397
5.301
5.236
5.236
5.334
5.436
5.468
5.503
5.571
5.625
5.646
5.766
5.846
5.859
5.781
5.701
5.552
5.518
5.348
5.297
5.19
5.013
5.041
5.201
5.38
5.569
5.757
5.931
6.062
6.089
6.027
5.901
5.737
5.595
5.543
5.614
5.561
5.491
5.426
5.404
5.394
5.421
5.46
5.498
5.546
5.631
5.7
5.762
5.855
5.855
5.871
5.874
5.933
6.078
6.247
6.388
6.482
6.398
6.306
6.35
6.415
6.462
6.281
5.98
5.807
5.957
6.293
6.585
6.83
7.135
7.469
7.742
7.819
7.622
7.313
7.07
7.415
7.899
8.353
8.778
8.911
8.742
8.473
8.516
8.648
8.633
8.458
8.116
7.885
7.704
7.729
7.814
7.881
7.993
8.1
8.336
8.488
8.591
8.735
8.791
8.868
9.042
8.974
8.864
8.878
8.707
8.55
8.58
8.671
8.671
8.548
8.324
8.209
8.148
8.014
7.86
7.771
7.729
7.67
7.577
7.552
7.576
7.604
7.607
7.721
7.881
7.983
7.952
7.909
7.814
7.656
7.604
7.663
7.714
7.681
7.523
7.254
7.01
6.752
6.544
6.412
6.33
6.303
6.314
6.352
6.472
6.57
6.636
6.648
6.651
6.619
6.586
6.52
6.447
6.415
6.479
6.563
6.626
6.639
6.627
6.597
6.62
6.63
6.59
6.516
6.416
6.346
6.344
6.322
6.263
6.163
6.059
6.004
6.032
6.114
6.208
6.3
6.431
6.56
6.767
6.987
7.168
7.28
7.357
7.413
7.499
7.595
7.69
7.716
7.696
7.654
7.579
7.44
7.282
7.163
7.093
7.106
7.195
7.276
7.305
7.322
7.378
7.321
7.312
7.283
7.129
6.914
6.663
6.529
6.553
6.57
6.577
6.567
6.555
6.524
6.491
6.452
6.421
6.454
6.48
6.464
6.448
6.445
6.43
6.432
6.44
6.466
6.576
6.666
6.673
6.611
6.489
6.402
6.383
6.426
6.492
6.552
6.575
6.558
6.549
6.515
6.488
6.496
6.448
6.356
6.342
6.43
6.544
6.605
6.655
6.754
6.953
7.083
7.126
7.137
7.1
7.092
7.14
7.295
7.38
7.417
7.325
7.289
7.291
7.322
7.461
7.646
7.873
7.968
7.999
7.999
7.972
7.949
7.917
7.99
8.095
8.061
8.058
8.099
8.116
8.216
8.404
8.815
9.242
9.144
9.204
9.507
9.423
9.318
9.233
9.183
9.103
8.918
8.775
8.947
9.459
9.692
9.629
9.571
9.572
9.544
9.524
9.571
9.588
9.496
9.535
9.591
9.812
9.921
9.657
9.639
9.735
9.805
10.116
10.054
10.073
10.293
10.396
10.349
10.252
10.156
10.057
10.064
10.111
10.099
10.071
10.041
9.969
9.822
9.751
9.845
10.109
10.335
10.175
9.918
9.635
9.4
9.234
9.175
9.144
9.046
8.905
8.789
8.661
8.508
8.33
8.169
8.177
8.217
8.276
8.266
8.213
8.122
8.03
7.949
7.988
8.089
8.132
8.189
8.183
8.166
8.144
8.067
7.983
7.922
7.763
7.824
7.944
8.047
8.015
7.958
7.975
7.903
7.785
7.518
7.24
6.888
6.74
6.676
6.653
6.697
6.653
6.508
6.458
6.46